0	258	1.0
0	6	0.996195293751
0	275	0.996195293751
0	23	1.0
0	26	1.0
0	32	0.996195293751
0	289	0.827338869827
0	290	1.0
0	296	1.0
0	301	1.0
0	58	0.996195293751
0	62	1.0
0	64	1.0
0	67	1.0
0	69	0.830498673319
0	83	1.0
0	88	1.0
0	97	0.996195293751
0	127	0.996195293751
0	129	0.996195293751
0	141	1.0
0	148	1.0
0	156	0.996195293751
0	160	1.0
0	283	1.0
0	174	1.0
0	179	0.996195293751
0	188	0.996195293751
0	191	1.0
0	193	0.996195293751
0	205	0.996195293751
0	213	0.996195293751
0	226	0.996195293751
0	235	1.0
0	242	0.996195293751
0	250	1.0
6	258	0.996195293751
6	275	1.0
6	23	0.996195293751
6	26	0.996195293751
6	32	1.0
6	289	0.830498673319
6	290	0.996195293751
6	296	0.996195293751
6	301	0.996195293751
6	58	1.0
6	62	0.996195293751
6	64	0.996195293751
6	67	0.996195293751
6	69	0.827338869827
6	83	0.996195293751
6	88	0.996195293751
6	97	1.0
6	127	1.0
6	129	1.0
6	141	0.996195293751
6	148	0.996195293751
6	156	1.0
6	160	0.996195293751
6	283	0.996195293751
6	174	0.996195293751
6	179	1.0
6	188	1.0
6	191	0.996195293751
6	193	1.0
6	205	1.0
6	213	1.0
6	226	1.0
6	235	0.996195293751
6	242	1.0
6	250	0.996195293751
17	145	1.0
17	277	1.0
17	27	1.0
17	287	1.0
17	202	1.0
17	101	1.0
17	190	1.0
18	25	1.0
18	29	1.0
18	51	1.0
18	63	1.0
18	75	1.0
18	78	1.0
18	82	1.0
18	93	1.0
18	98	1.0
18	99	1.0
18	114	1.0
18	116	1.0
18	133	1.0
18	171	1.0
18	232	1.0
18	236	1.0
18	239	1.0
18	251	1.0
23	258	1.0
23	275	0.996195293751
23	26	1.0
23	32	0.996195293751
23	289	0.827338869827
23	290	1.0
23	296	1.0
23	301	1.0
23	58	0.996195293751
23	62	1.0
23	64	1.0
23	67	1.0
23	69	0.830498673319
23	83	1.0
23	88	1.0
23	97	0.996195293751
23	127	0.996195293751
23	129	0.996195293751
23	141	1.0
23	148	1.0
23	156	0.996195293751
23	160	1.0
23	283	1.0
23	174	1.0
23	179	0.996195293751
23	188	0.996195293751
23	191	1.0
23	193	0.996195293751
23	205	0.996195293751
23	213	0.996195293751
23	226	0.996195293751
23	235	1.0
23	242	0.996195293751
23	250	1.0
25	29	1.0
25	51	1.0
25	63	1.0
25	75	1.0
25	78	1.0
25	82	1.0
25	93	1.0
25	98	1.0
25	99	1.0
25	114	1.0
25	116	1.0
25	133	1.0
25	171	1.0
25	232	1.0
25	236	1.0
25	239	1.0
25	251	1.0
26	258	1.0
26	275	0.996195293751
26	32	0.996195293751
26	289	0.827338869827
26	290	1.0
26	296	1.0
26	301	1.0
26	58	0.996195293751
26	62	1.0
26	64	1.0
26	67	1.0
26	69	0.830498673319
26	83	1.0
26	88	1.0
26	97	0.996195293751
26	127	0.996195293751
26	129	0.996195293751
26	141	1.0
26	148	1.0
26	156	0.996195293751
26	160	1.0
26	283	1.0
26	174	1.0
26	179	0.996195293751
26	188	0.996195293751
26	191	1.0
26	193	0.996195293751
26	205	0.996195293751
26	213	0.996195293751
26	226	0.996195293751
26	235	1.0
26	242	0.996195293751
26	250	1.0
27	145	1.0
27	277	1.0
27	287	1.0
27	202	1.0
27	101	1.0
27	190	1.0
29	51	1.0
29	63	1.0
29	75	1.0
29	78	1.0
29	82	1.0
29	93	1.0
29	98	1.0
29	99	1.0
29	114	1.0
29	116	1.0
29	133	1.0
29	171	1.0
29	232	1.0
29	236	1.0
29	239	1.0
29	251	1.0
32	258	0.996195293751
32	275	1.0
32	289	0.830498673319
32	290	0.996195293751
32	296	0.996195293751
32	301	0.996195293751
32	58	1.0
32	62	0.996195293751
32	64	0.996195293751
32	67	0.996195293751
32	69	0.827338869827
32	83	0.996195293751
32	88	0.996195293751
32	97	1.0
32	127	1.0
32	129	1.0
32	141	0.996195293751
32	148	0.996195293751
32	156	1.0
32	160	0.996195293751
32	283	0.996195293751
32	174	0.996195293751
32	179	1.0
32	188	1.0
32	191	0.996195293751
32	193	1.0
32	205	1.0
32	213	1.0
32	226	1.0
32	235	0.996195293751
32	242	1.0
32	250	0.996195293751
51	63	1.0
51	75	1.0
51	78	1.0
51	82	1.0
51	93	1.0
51	98	1.0
51	99	1.0
51	114	1.0
51	116	1.0
51	133	1.0
51	171	1.0
51	232	1.0
51	236	1.0
51	239	1.0
51	251	1.0
58	258	0.996195293751
58	275	1.0
58	289	0.830498673319
58	290	0.996195293751
58	296	0.996195293751
58	301	0.996195293751
58	62	0.996195293751
58	64	0.996195293751
58	67	0.996195293751
58	69	0.827338869827
58	83	0.996195293751
58	88	0.996195293751
58	97	1.0
58	127	1.0
58	129	1.0
58	141	0.996195293751
58	148	0.996195293751
58	156	1.0
58	160	0.996195293751
58	283	0.996195293751
58	174	0.996195293751
58	179	1.0
58	188	1.0
58	191	0.996195293751
58	193	1.0
58	205	1.0
58	213	1.0
58	226	1.0
58	235	0.996195293751
58	242	1.0
58	250	0.996195293751
62	258	1.0
62	275	0.996195293751
62	289	0.827338869827
62	290	1.0
62	296	1.0
62	301	1.0
62	64	1.0
62	67	1.0
62	69	0.830498673319
62	83	1.0
62	88	1.0
62	97	0.996195293751
62	127	0.996195293751
62	129	0.996195293751
62	141	1.0
62	148	1.0
62	156	0.996195293751
62	160	1.0
62	283	1.0
62	174	1.0
62	179	0.996195293751
62	188	0.996195293751
62	191	1.0
62	193	0.996195293751
62	205	0.996195293751
62	213	0.996195293751
62	226	0.996195293751
62	235	1.0
62	242	0.996195293751
62	250	1.0
63	75	1.0
63	78	1.0
63	82	1.0
63	93	1.0
63	98	1.0
63	99	1.0
63	114	1.0
63	116	1.0
63	133	1.0
63	171	1.0
63	232	1.0
63	236	1.0
63	239	1.0
63	251	1.0
64	258	1.0
64	275	0.996195293751
64	289	0.827338869827
64	290	1.0
64	296	1.0
64	301	1.0
64	67	1.0
64	69	0.830498673319
64	83	1.0
64	88	1.0
64	97	0.996195293751
64	127	0.996195293751
64	129	0.996195293751
64	141	1.0
64	148	1.0
64	156	0.996195293751
64	160	1.0
64	283	1.0
64	174	1.0
64	179	0.996195293751
64	188	0.996195293751
64	191	1.0
64	193	0.996195293751
64	205	0.996195293751
64	213	0.996195293751
64	226	0.996195293751
64	235	1.0
64	242	0.996195293751
64	250	1.0
67	258	1.0
67	275	0.996195293751
67	289	0.827338869827
67	290	1.0
67	296	1.0
67	301	1.0
67	69	0.830498673319
67	83	1.0
67	88	1.0
67	97	0.996195293751
67	127	0.996195293751
67	129	0.996195293751
67	141	1.0
67	148	1.0
67	156	0.996195293751
67	160	1.0
67	283	1.0
67	174	1.0
67	179	0.996195293751
67	188	0.996195293751
67	191	1.0
67	193	0.996195293751
67	205	0.996195293751
67	213	0.996195293751
67	226	0.996195293751
67	235	1.0
67	242	0.996195293751
67	250	1.0
69	258	0.830498673319
69	275	0.827338869827
69	289	0.996195293751
69	290	0.830498673319
69	296	0.830498673319
69	301	0.830498673319
69	83	0.830498673319
69	88	0.830498673319
69	97	0.827338869827
69	127	0.827338869827
69	129	0.827338869827
69	141	0.830498673319
69	148	0.830498673319
69	156	0.827338869827
69	160	0.830498673319
69	283	0.830498673319
69	174	0.830498673319
69	179	0.827338869827
69	188	0.827338869827
69	191	0.830498673319
69	193	0.827338869827
69	205	0.827338869827
69	213	0.827338869827
69	226	0.827338869827
69	235	0.830498673319
69	242	0.827338869827
69	250	0.830498673319
75	78	1.0
75	82	1.0
75	93	1.0
75	98	1.0
75	99	1.0
75	114	1.0
75	116	1.0
75	133	1.0
75	171	1.0
75	232	1.0
75	236	1.0
75	239	1.0
75	251	1.0
78	82	1.0
78	93	1.0
78	98	1.0
78	99	1.0
78	114	1.0
78	116	1.0
78	133	1.0
78	171	1.0
78	232	1.0
78	236	1.0
78	239	1.0
78	251	1.0
82	93	1.0
82	98	1.0
82	99	1.0
82	114	1.0
82	116	1.0
82	133	1.0
82	171	1.0
82	232	1.0
82	236	1.0
82	239	1.0
82	251	1.0
83	258	1.0
83	275	0.996195293751
83	289	0.827338869827
83	290	1.0
83	296	1.0
83	301	1.0
83	88	1.0
83	97	0.996195293751
83	127	0.996195293751
83	129	0.996195293751
83	141	1.0
83	148	1.0
83	156	0.996195293751
83	160	1.0
83	283	1.0
83	174	1.0
83	179	0.996195293751
83	188	0.996195293751
83	191	1.0
83	193	0.996195293751
83	205	0.996195293751
83	213	0.996195293751
83	226	0.996195293751
83	235	1.0
83	242	0.996195293751
83	250	1.0
88	258	1.0
88	275	0.996195293751
88	289	0.827338869827
88	290	1.0
88	296	1.0
88	301	1.0
88	97	0.996195293751
88	127	0.996195293751
88	129	0.996195293751
88	141	1.0
88	148	1.0
88	156	0.996195293751
88	160	1.0
88	283	1.0
88	174	1.0
88	179	0.996195293751
88	188	0.996195293751
88	191	1.0
88	193	0.996195293751
88	205	0.996195293751
88	213	0.996195293751
88	226	0.996195293751
88	235	1.0
88	242	0.996195293751
88	250	1.0
89	90	0.816496580928
89	252	0.816496580928
90	252	1.0
93	98	1.0
93	99	1.0
93	114	1.0
93	116	1.0
93	133	1.0
93	171	1.0
93	232	1.0
93	236	1.0
93	239	1.0
93	251	1.0
97	258	0.996195293751
97	275	1.0
97	289	0.830498673319
97	290	0.996195293751
97	296	0.996195293751
97	301	0.996195293751
97	127	1.0
97	129	1.0
97	141	0.996195293751
97	148	0.996195293751
97	156	1.0
97	160	0.996195293751
97	283	0.996195293751
97	174	0.996195293751
97	179	1.0
97	188	1.0
97	191	0.996195293751
97	193	1.0
97	205	1.0
97	213	1.0
97	226	1.0
97	235	0.996195293751
97	242	1.0
97	250	0.996195293751
98	99	1.0
98	114	1.0
98	116	1.0
98	133	1.0
98	171	1.0
98	232	1.0
98	236	1.0
98	239	1.0
98	251	1.0
99	114	1.0
99	116	1.0
99	133	1.0
99	171	1.0
99	232	1.0
99	236	1.0
99	239	1.0
99	251	1.0
101	145	1.0
101	277	1.0
101	287	1.0
101	202	1.0
101	190	1.0
114	116	1.0
114	133	1.0
114	171	1.0
114	232	1.0
114	236	1.0
114	239	1.0
114	251	1.0
116	133	1.0
116	171	1.0
116	232	1.0
116	236	1.0
116	239	1.0
116	251	1.0
127	258	0.996195293751
127	275	1.0
127	289	0.830498673319
127	290	0.996195293751
127	296	0.996195293751
127	301	0.996195293751
127	129	1.0
127	141	0.996195293751
127	148	0.996195293751
127	156	1.0
127	160	0.996195293751
127	283	0.996195293751
127	174	0.996195293751
127	179	1.0
127	188	1.0
127	191	0.996195293751
127	193	1.0
127	205	1.0
127	213	1.0
127	226	1.0
127	235	0.996195293751
127	242	1.0
127	250	0.996195293751
129	258	0.996195293751
129	275	1.0
129	289	0.830498673319
129	290	0.996195293751
129	296	0.996195293751
129	301	0.996195293751
129	141	0.996195293751
129	148	0.996195293751
129	156	1.0
129	160	0.996195293751
129	283	0.996195293751
129	174	0.996195293751
129	179	1.0
129	188	1.0
129	191	0.996195293751
129	193	1.0
129	205	1.0
129	213	1.0
129	226	1.0
129	235	0.996195293751
129	242	1.0
129	250	0.996195293751
133	171	1.0
133	232	1.0
133	236	1.0
133	239	1.0
133	251	1.0
141	258	1.0
141	275	0.996195293751
141	289	0.827338869827
141	290	1.0
141	296	1.0
141	301	1.0
141	148	1.0
141	156	0.996195293751
141	160	1.0
141	283	1.0
141	174	1.0
141	179	0.996195293751
141	188	0.996195293751
141	191	1.0
141	193	0.996195293751
141	205	0.996195293751
141	213	0.996195293751
141	226	0.996195293751
141	235	1.0
141	242	0.996195293751
141	250	1.0
145	277	1.0
145	287	1.0
145	202	1.0
145	190	1.0
148	258	1.0
148	275	0.996195293751
148	289	0.827338869827
148	290	1.0
148	296	1.0
148	301	1.0
148	156	0.996195293751
148	160	1.0
148	283	1.0
148	174	1.0
148	179	0.996195293751
148	188	0.996195293751
148	191	1.0
148	193	0.996195293751
148	205	0.996195293751
148	213	0.996195293751
148	226	0.996195293751
148	235	1.0
148	242	0.996195293751
148	250	1.0
156	258	0.996195293751
156	275	1.0
156	289	0.830498673319
156	290	0.996195293751
156	296	0.996195293751
156	301	0.996195293751
156	160	0.996195293751
156	283	0.996195293751
156	174	0.996195293751
156	179	1.0
156	188	1.0
156	191	0.996195293751
156	193	1.0
156	205	1.0
156	213	1.0
156	226	1.0
156	235	0.996195293751
156	242	1.0
156	250	0.996195293751
160	258	1.0
160	275	0.996195293751
160	289	0.827338869827
160	290	1.0
160	296	1.0
160	301	1.0
160	283	1.0
160	174	1.0
160	179	0.996195293751
160	188	0.996195293751
160	191	1.0
160	193	0.996195293751
160	205	0.996195293751
160	213	0.996195293751
160	226	0.996195293751
160	235	1.0
160	242	0.996195293751
160	250	1.0
171	232	1.0
171	236	1.0
171	239	1.0
171	251	1.0
174	258	1.0
174	275	0.996195293751
174	289	0.827338869827
174	290	1.0
174	296	1.0
174	301	1.0
174	283	1.0
174	179	0.996195293751
174	188	0.996195293751
174	191	1.0
174	193	0.996195293751
174	205	0.996195293751
174	213	0.996195293751
174	226	0.996195293751
174	235	1.0
174	242	0.996195293751
174	250	1.0
179	258	0.996195293751
179	275	1.0
179	289	0.830498673319
179	290	0.996195293751
179	296	0.996195293751
179	301	0.996195293751
179	283	0.996195293751
179	188	1.0
179	191	0.996195293751
179	193	1.0
179	205	1.0
179	213	1.0
179	226	1.0
179	235	0.996195293751
179	242	1.0
179	250	0.996195293751
188	258	0.996195293751
188	275	1.0
188	289	0.830498673319
188	290	0.996195293751
188	296	0.996195293751
188	301	0.996195293751
188	283	0.996195293751
188	191	0.996195293751
188	193	1.0
188	205	1.0
188	213	1.0
188	226	1.0
188	235	0.996195293751
188	242	1.0
188	250	0.996195293751
190	277	1.0
190	287	1.0
190	202	1.0
191	258	1.0
191	275	0.996195293751
191	289	0.827338869827
191	290	1.0
191	296	1.0
191	301	1.0
191	283	1.0
191	193	0.996195293751
191	205	0.996195293751
191	213	0.996195293751
191	226	0.996195293751
191	235	1.0
191	242	0.996195293751
191	250	1.0
193	258	0.996195293751
193	275	1.0
193	289	0.830498673319
193	290	0.996195293751
193	296	0.996195293751
193	301	0.996195293751
193	283	0.996195293751
193	205	1.0
193	213	1.0
193	226	1.0
193	235	0.996195293751
193	242	1.0
193	250	0.996195293751
202	277	1.0
202	287	1.0
205	258	0.996195293751
205	275	1.0
205	289	0.830498673319
205	290	0.996195293751
205	296	0.996195293751
205	301	0.996195293751
205	283	0.996195293751
205	213	1.0
205	226	1.0
205	235	0.996195293751
205	242	1.0
205	250	0.996195293751
213	258	0.996195293751
213	275	1.0
213	289	0.830498673319
213	290	0.996195293751
213	296	0.996195293751
213	301	0.996195293751
213	283	0.996195293751
213	226	1.0
213	235	0.996195293751
213	242	1.0
213	250	0.996195293751
226	258	0.996195293751
226	275	1.0
226	289	0.830498673319
226	290	0.996195293751
226	296	0.996195293751
226	301	0.996195293751
226	283	0.996195293751
226	235	0.996195293751
226	242	1.0
226	250	0.996195293751
232	236	1.0
232	239	1.0
232	251	1.0
235	258	1.0
235	275	0.996195293751
235	289	0.827338869827
235	290	1.0
235	296	1.0
235	301	1.0
235	283	1.0
235	242	0.996195293751
235	250	1.0
236	239	1.0
236	251	1.0
237	264	1.0
239	251	1.0
242	258	0.996195293751
242	275	1.0
242	289	0.830498673319
242	290	0.996195293751
242	296	0.996195293751
242	301	0.996195293751
242	283	0.996195293751
242	250	0.996195293751
250	258	1.0
250	275	0.996195293751
250	289	0.827338869827
250	290	1.0
250	296	1.0
250	301	1.0
250	283	1.0
258	275	0.996195293751
258	289	0.827338869827
258	290	1.0
258	296	1.0
258	301	1.0
258	283	1.0
275	289	0.830498673319
275	290	0.996195293751
275	296	0.996195293751
275	301	0.996195293751
275	283	0.996195293751
277	287	1.0
283	289	0.827338869827
283	290	1.0
283	296	1.0
283	301	1.0
289	290	0.827338869827
289	296	0.827338869827
289	301	0.827338869827
290	296	1.0
290	301	1.0
296	301	1.0
302	303	0
