4	9	1.0
4	269	1.0
4	15	0.810967065457
4	277	1.0
4	279	0.810967065457
4	24	0.810967065457
4	27	0.810967065457
4	287	1.0
4	41	0.810967065457
4	301	1.0
4	50	0.810967065457
4	51	1.0
4	52	0.810967065457
4	310	1.0
4	316	1.0
4	63	0.810967065457
4	320	0.810967065457
4	65	0.810967065457
4	324	0.810967065457
4	69	1.0
4	331	1.0
4	332	0.810967065457
4	333	1.0
4	337	0.810967065457
4	338	0.810967065457
4	85	0.810967065457
4	271	1.0
4	103	0.810967065457
4	319	1.0
4	131	1.0
4	138	0.810967065457
4	142	1.0
4	150	0.810967065457
4	151	1.0
4	160	0.810967065457
4	283	0.810967065457
4	164	0.810967065457
4	169	0.810967065457
4	171	0.810967065457
4	175	1.0
4	176	0.810967065457
4	178	1.0
4	180	1.0
4	187	0.810967065457
4	188	1.0
4	190	1.0
4	205	0.810967065457
4	223	0.810967065457
4	229	0.810967065457
4	231	1.0
4	234	0.810967065457
4	236	0.810967065457
4	246	0.810967065457
4	297	0.810967065457
4	252	0.810967065457
9	269	1.0
9	15	0.810967065457
9	277	1.0
9	279	0.810967065457
9	24	0.810967065457
9	27	0.810967065457
9	287	1.0
9	41	0.810967065457
9	301	1.0
9	50	0.810967065457
9	51	1.0
9	52	0.810967065457
9	310	1.0
9	316	1.0
9	63	0.810967065457
9	320	0.810967065457
9	65	0.810967065457
9	324	0.810967065457
9	69	1.0
9	331	1.0
9	332	0.810967065457
9	333	1.0
9	337	0.810967065457
9	338	0.810967065457
9	85	0.810967065457
9	271	1.0
9	103	0.810967065457
9	319	1.0
9	131	1.0
9	138	0.810967065457
9	142	1.0
9	150	0.810967065457
9	151	1.0
9	160	0.810967065457
9	283	0.810967065457
9	164	0.810967065457
9	169	0.810967065457
9	171	0.810967065457
9	175	1.0
9	176	0.810967065457
9	178	1.0
9	180	1.0
9	187	0.810967065457
9	188	1.0
9	190	1.0
9	205	0.810967065457
9	223	0.810967065457
9	229	0.810967065457
9	231	1.0
9	234	0.810967065457
9	236	0.810967065457
9	246	0.810967065457
9	297	0.810967065457
9	252	0.810967065457
15	269	0.810967065457
15	277	0.810967065457
15	279	1.0
15	24	1.0
15	27	1.0
15	287	0.810967065457
15	41	1.0
15	301	0.810967065457
15	50	1.0
15	51	0.810967065457
15	52	1.0
15	310	0.810967065457
15	316	0.810967065457
15	63	1.0
15	320	1.0
15	65	1.0
15	324	1.0
15	69	0.810967065457
15	331	0.810967065457
15	332	1.0
15	333	0.810967065457
15	337	1.0
15	338	1.0
15	85	1.0
15	271	0.810967065457
15	103	1.0
15	108	0.862574592451
15	319	0.810967065457
15	125	0.862574592451
15	131	0.810967065457
15	138	1.0
15	142	0.810967065457
15	150	1.0
15	151	0.810967065457
15	160	1.0
15	283	1.0
15	164	1.0
15	169	1.0
15	171	1.0
15	175	0.810967065457
15	176	1.0
15	178	0.810967065457
15	180	0.810967065457
15	187	1.0
15	188	0.810967065457
15	190	0.810967065457
15	205	1.0
15	223	1.0
15	225	0.862574592451
15	229	1.0
15	231	0.810967065457
15	234	1.0
15	236	1.0
15	246	1.0
15	297	1.0
15	252	1.0
20	268	1.0
20	108	0.848720276771
20	125	0.848720276771
20	225	0.848720276771
24	269	0.810967065457
24	277	0.810967065457
24	279	1.0
24	27	1.0
24	287	0.810967065457
24	41	1.0
24	301	0.810967065457
24	50	1.0
24	51	0.810967065457
24	52	1.0
24	310	0.810967065457
24	316	0.810967065457
24	63	1.0
24	320	1.0
24	65	1.0
24	324	1.0
24	69	0.810967065457
24	331	0.810967065457
24	332	1.0
24	333	0.810967065457
24	337	1.0
24	338	1.0
24	85	1.0
24	271	0.810967065457
24	103	1.0
24	108	0.862574592451
24	319	0.810967065457
24	125	0.862574592451
24	131	0.810967065457
24	138	1.0
24	142	0.810967065457
24	150	1.0
24	151	0.810967065457
24	160	1.0
24	283	1.0
24	164	1.0
24	169	1.0
24	171	1.0
24	175	0.810967065457
24	176	1.0
24	178	0.810967065457
24	180	0.810967065457
24	187	1.0
24	188	0.810967065457
24	190	0.810967065457
24	205	1.0
24	223	1.0
24	225	0.862574592451
24	229	1.0
24	231	0.810967065457
24	234	1.0
24	236	1.0
24	246	1.0
24	297	1.0
24	252	1.0
27	269	0.810967065457
27	277	0.810967065457
27	279	1.0
27	287	0.810967065457
27	41	1.0
27	301	0.810967065457
27	50	1.0
27	51	0.810967065457
27	52	1.0
27	310	0.810967065457
27	316	0.810967065457
27	63	1.0
27	320	1.0
27	65	1.0
27	324	1.0
27	69	0.810967065457
27	331	0.810967065457
27	332	1.0
27	333	0.810967065457
27	337	1.0
27	338	1.0
27	85	1.0
27	271	0.810967065457
27	103	1.0
27	108	0.862574592451
27	319	0.810967065457
27	125	0.862574592451
27	131	0.810967065457
27	138	1.0
27	142	0.810967065457
27	150	1.0
27	151	0.810967065457
27	160	1.0
27	283	1.0
27	164	1.0
27	169	1.0
27	171	1.0
27	175	0.810967065457
27	176	1.0
27	178	0.810967065457
27	180	0.810967065457
27	187	1.0
27	188	0.810967065457
27	190	0.810967065457
27	205	1.0
27	223	1.0
27	225	0.862574592451
27	229	1.0
27	231	0.810967065457
27	234	1.0
27	236	1.0
27	246	1.0
27	297	1.0
27	252	1.0
30	59	0.862574592451
38	270	1.0
38	111	1.0
41	269	0.810967065457
41	277	0.810967065457
41	279	1.0
41	287	0.810967065457
41	301	0.810967065457
41	50	1.0
41	51	0.810967065457
41	52	1.0
41	310	0.810967065457
41	316	0.810967065457
41	63	1.0
41	320	1.0
41	65	1.0
41	324	1.0
41	69	0.810967065457
41	331	0.810967065457
41	332	1.0
41	333	0.810967065457
41	337	1.0
41	338	1.0
41	85	1.0
41	271	0.810967065457
41	103	1.0
41	108	0.862574592451
41	319	0.810967065457
41	125	0.862574592451
41	131	0.810967065457
41	138	1.0
41	142	0.810967065457
41	150	1.0
41	151	0.810967065457
41	160	1.0
41	283	1.0
41	164	1.0
41	169	1.0
41	171	1.0
41	175	0.810967065457
41	176	1.0
41	178	0.810967065457
41	180	0.810967065457
41	187	1.0
41	188	0.810967065457
41	190	0.810967065457
41	205	1.0
41	223	1.0
41	225	0.862574592451
41	229	1.0
41	231	0.810967065457
41	234	1.0
41	236	1.0
41	246	1.0
41	297	1.0
41	252	1.0
50	269	0.810967065457
50	277	0.810967065457
50	279	1.0
50	287	0.810967065457
50	301	0.810967065457
50	51	0.810967065457
50	52	1.0
50	310	0.810967065457
50	316	0.810967065457
50	63	1.0
50	320	1.0
50	65	1.0
50	324	1.0
50	69	0.810967065457
50	331	0.810967065457
50	332	1.0
50	333	0.810967065457
50	337	1.0
50	338	1.0
50	85	1.0
50	271	0.810967065457
50	103	1.0
50	108	0.862574592451
50	319	0.810967065457
50	125	0.862574592451
50	131	0.810967065457
50	138	1.0
50	142	0.810967065457
50	150	1.0
50	151	0.810967065457
50	160	1.0
50	283	1.0
50	164	1.0
50	169	1.0
50	171	1.0
50	175	0.810967065457
50	176	1.0
50	178	0.810967065457
50	180	0.810967065457
50	187	1.0
50	188	0.810967065457
50	190	0.810967065457
50	205	1.0
50	223	1.0
50	225	0.862574592451
50	229	1.0
50	231	0.810967065457
50	234	1.0
50	236	1.0
50	246	1.0
50	297	1.0
50	252	1.0
51	269	1.0
51	277	1.0
51	279	0.810967065457
51	287	1.0
51	301	1.0
51	52	0.810967065457
51	310	1.0
51	316	1.0
51	63	0.810967065457
51	320	0.810967065457
51	65	0.810967065457
51	324	0.810967065457
51	69	1.0
51	331	1.0
51	332	0.810967065457
51	333	1.0
51	337	0.810967065457
51	338	0.810967065457
51	85	0.810967065457
51	271	1.0
51	103	0.810967065457
51	319	1.0
51	131	1.0
51	138	0.810967065457
51	142	1.0
51	150	0.810967065457
51	151	1.0
51	160	0.810967065457
51	283	0.810967065457
51	164	0.810967065457
51	169	0.810967065457
51	171	0.810967065457
51	175	1.0
51	176	0.810967065457
51	178	1.0
51	180	1.0
51	187	0.810967065457
51	188	1.0
51	190	1.0
51	205	0.810967065457
51	223	0.810967065457
51	229	0.810967065457
51	231	1.0
51	234	0.810967065457
51	236	0.810967065457
51	246	0.810967065457
51	297	0.810967065457
51	252	0.810967065457
52	269	0.810967065457
52	277	0.810967065457
52	279	1.0
52	287	0.810967065457
52	301	0.810967065457
52	310	0.810967065457
52	316	0.810967065457
52	63	1.0
52	320	1.0
52	65	1.0
52	324	1.0
52	69	0.810967065457
52	331	0.810967065457
52	332	1.0
52	333	0.810967065457
52	337	1.0
52	338	1.0
52	85	1.0
52	271	0.810967065457
52	103	1.0
52	108	0.862574592451
52	319	0.810967065457
52	125	0.862574592451
52	131	0.810967065457
52	138	1.0
52	142	0.810967065457
52	150	1.0
52	151	0.810967065457
52	160	1.0
52	283	1.0
52	164	1.0
52	169	1.0
52	171	1.0
52	175	0.810967065457
52	176	1.0
52	178	0.810967065457
52	180	0.810967065457
52	187	1.0
52	188	0.810967065457
52	190	0.810967065457
52	205	1.0
52	223	1.0
52	225	0.862574592451
52	229	1.0
52	231	0.810967065457
52	234	1.0
52	236	1.0
52	246	1.0
52	297	1.0
52	252	1.0
59	67	0.810967065457
63	269	0.810967065457
63	277	0.810967065457
63	279	1.0
63	287	0.810967065457
63	301	0.810967065457
63	310	0.810967065457
63	316	0.810967065457
63	320	1.0
63	65	1.0
63	324	1.0
63	69	0.810967065457
63	331	0.810967065457
63	332	1.0
63	333	0.810967065457
63	337	1.0
63	338	1.0
63	85	1.0
63	271	0.810967065457
63	103	1.0
63	108	0.862574592451
63	319	0.810967065457
63	125	0.862574592451
63	131	0.810967065457
63	138	1.0
63	142	0.810967065457
63	150	1.0
63	151	0.810967065457
63	160	1.0
63	283	1.0
63	164	1.0
63	169	1.0
63	171	1.0
63	175	0.810967065457
63	176	1.0
63	178	0.810967065457
63	180	0.810967065457
63	187	1.0
63	188	0.810967065457
63	190	0.810967065457
63	205	1.0
63	223	1.0
63	225	0.862574592451
63	229	1.0
63	231	0.810967065457
63	234	1.0
63	236	1.0
63	246	1.0
63	297	1.0
63	252	1.0
65	269	0.810967065457
65	277	0.810967065457
65	279	1.0
65	287	0.810967065457
65	301	0.810967065457
65	310	0.810967065457
65	316	0.810967065457
65	320	1.0
65	324	1.0
65	69	0.810967065457
65	331	0.810967065457
65	332	1.0
65	333	0.810967065457
65	337	1.0
65	338	1.0
65	85	1.0
65	271	0.810967065457
65	103	1.0
65	108	0.862574592451
65	319	0.810967065457
65	125	0.862574592451
65	131	0.810967065457
65	138	1.0
65	142	0.810967065457
65	150	1.0
65	151	0.810967065457
65	160	1.0
65	283	1.0
65	164	1.0
65	169	1.0
65	171	1.0
65	175	0.810967065457
65	176	1.0
65	178	0.810967065457
65	180	0.810967065457
65	187	1.0
65	188	0.810967065457
65	190	0.810967065457
65	205	1.0
65	223	1.0
65	225	0.862574592451
65	229	1.0
65	231	0.810967065457
65	234	1.0
65	236	1.0
65	246	1.0
65	297	1.0
65	252	1.0
69	269	1.0
69	277	1.0
69	279	0.810967065457
69	287	1.0
69	301	1.0
69	310	1.0
69	316	1.0
69	320	0.810967065457
69	324	0.810967065457
69	331	1.0
69	332	0.810967065457
69	333	1.0
69	337	0.810967065457
69	338	0.810967065457
69	85	0.810967065457
69	271	1.0
69	103	0.810967065457
69	319	1.0
69	131	1.0
69	138	0.810967065457
69	142	1.0
69	150	0.810967065457
69	151	1.0
69	160	0.810967065457
69	283	0.810967065457
69	164	0.810967065457
69	169	0.810967065457
69	171	0.810967065457
69	175	1.0
69	176	0.810967065457
69	178	1.0
69	180	1.0
69	187	0.810967065457
69	188	1.0
69	190	1.0
69	205	0.810967065457
69	223	0.810967065457
69	229	0.810967065457
69	231	1.0
69	234	0.810967065457
69	236	0.810967065457
69	246	0.810967065457
69	297	0.810967065457
69	252	0.810967065457
72	267	1.0
72	115	1.0
72	235	1.0
85	269	0.810967065457
85	277	0.810967065457
85	279	1.0
85	287	0.810967065457
85	301	0.810967065457
85	310	0.810967065457
85	316	0.810967065457
85	320	1.0
85	324	1.0
85	331	0.810967065457
85	332	1.0
85	333	0.810967065457
85	337	1.0
85	338	1.0
85	271	0.810967065457
85	103	1.0
85	108	0.862574592451
85	319	0.810967065457
85	125	0.862574592451
85	131	0.810967065457
85	138	1.0
85	142	0.810967065457
85	150	1.0
85	151	0.810967065457
85	160	1.0
85	283	1.0
85	164	1.0
85	169	1.0
85	171	1.0
85	175	0.810967065457
85	176	1.0
85	178	0.810967065457
85	180	0.810967065457
85	187	1.0
85	188	0.810967065457
85	190	0.810967065457
85	205	1.0
85	223	1.0
85	225	0.862574592451
85	229	1.0
85	231	0.810967065457
85	234	1.0
85	236	1.0
85	246	1.0
85	297	1.0
85	252	1.0
103	269	0.810967065457
103	277	0.810967065457
103	279	1.0
103	287	0.810967065457
103	301	0.810967065457
103	310	0.810967065457
103	316	0.810967065457
103	320	1.0
103	324	1.0
103	331	0.810967065457
103	332	1.0
103	333	0.810967065457
103	337	1.0
103	338	1.0
103	271	0.810967065457
103	108	0.862574592451
103	319	0.810967065457
103	125	0.862574592451
103	131	0.810967065457
103	138	1.0
103	142	0.810967065457
103	150	1.0
103	151	0.810967065457
103	160	1.0
103	283	1.0
103	164	1.0
103	169	1.0
103	171	1.0
103	175	0.810967065457
103	176	1.0
103	178	0.810967065457
103	180	0.810967065457
103	187	1.0
103	188	0.810967065457
103	190	0.810967065457
103	205	1.0
103	223	1.0
103	225	0.862574592451
103	229	1.0
103	231	0.810967065457
103	234	1.0
103	236	1.0
103	246	1.0
103	297	1.0
103	252	1.0
108	268	0.848720276771
108	279	0.862574592451
108	320	0.862574592451
108	324	0.862574592451
108	332	0.862574592451
108	337	0.862574592451
108	338	0.862574592451
108	125	1.0
108	138	0.862574592451
108	150	0.862574592451
108	160	0.862574592451
108	283	0.862574592451
108	164	0.862574592451
108	169	0.862574592451
108	171	0.862574592451
108	176	0.862574592451
108	187	0.862574592451
108	205	0.862574592451
108	223	0.862574592451
108	225	1.0
108	229	0.862574592451
108	234	0.862574592451
108	236	0.862574592451
108	246	0.862574592451
108	297	0.862574592451
108	252	0.862574592451
109	204	1.0
111	270	1.0
115	267	1.0
115	235	1.0
125	268	0.848720276771
125	279	0.862574592451
125	320	0.862574592451
125	324	0.862574592451
125	332	0.862574592451
125	337	0.862574592451
125	338	0.862574592451
125	138	0.862574592451
125	150	0.862574592451
125	160	0.862574592451
125	283	0.862574592451
125	164	0.862574592451
125	169	0.862574592451
125	171	0.862574592451
125	176	0.862574592451
125	187	0.862574592451
125	205	0.862574592451
125	223	0.862574592451
125	225	1.0
125	229	0.862574592451
125	234	0.862574592451
125	236	0.862574592451
125	246	0.862574592451
125	297	0.862574592451
125	252	0.862574592451
131	269	1.0
131	277	1.0
131	279	0.810967065457
131	287	1.0
131	301	1.0
131	310	1.0
131	316	1.0
131	320	0.810967065457
131	324	0.810967065457
131	331	1.0
131	332	0.810967065457
131	333	1.0
131	337	0.810967065457
131	338	0.810967065457
131	271	1.0
131	319	1.0
131	138	0.810967065457
131	142	1.0
131	150	0.810967065457
131	151	1.0
131	160	0.810967065457
131	283	0.810967065457
131	164	0.810967065457
131	169	0.810967065457
131	171	0.810967065457
131	175	1.0
131	176	0.810967065457
131	178	1.0
131	180	1.0
131	187	0.810967065457
131	188	1.0
131	190	1.0
131	205	0.810967065457
131	223	0.810967065457
131	229	0.810967065457
131	231	1.0
131	234	0.810967065457
131	236	0.810967065457
131	246	0.810967065457
131	297	0.810967065457
131	252	0.810967065457
138	269	0.810967065457
138	277	0.810967065457
138	279	1.0
138	287	0.810967065457
138	301	0.810967065457
138	310	0.810967065457
138	316	0.810967065457
138	320	1.0
138	324	1.0
138	331	0.810967065457
138	332	1.0
138	333	0.810967065457
138	337	1.0
138	338	1.0
138	271	0.810967065457
138	319	0.810967065457
138	142	0.810967065457
138	150	1.0
138	151	0.810967065457
138	160	1.0
138	283	1.0
138	164	1.0
138	169	1.0
138	171	1.0
138	175	0.810967065457
138	176	1.0
138	178	0.810967065457
138	180	0.810967065457
138	187	1.0
138	188	0.810967065457
138	190	0.810967065457
138	205	1.0
138	223	1.0
138	225	0.862574592451
138	229	1.0
138	231	0.810967065457
138	234	1.0
138	236	1.0
138	246	1.0
138	297	1.0
138	252	1.0
142	269	1.0
142	277	1.0
142	279	0.810967065457
142	287	1.0
142	301	1.0
142	310	1.0
142	316	1.0
142	320	0.810967065457
142	324	0.810967065457
142	331	1.0
142	332	0.810967065457
142	333	1.0
142	337	0.810967065457
142	338	0.810967065457
142	271	1.0
142	319	1.0
142	150	0.810967065457
142	151	1.0
142	160	0.810967065457
142	283	0.810967065457
142	164	0.810967065457
142	169	0.810967065457
142	171	0.810967065457
142	175	1.0
142	176	0.810967065457
142	178	1.0
142	180	1.0
142	187	0.810967065457
142	188	1.0
142	190	1.0
142	205	0.810967065457
142	223	0.810967065457
142	229	0.810967065457
142	231	1.0
142	234	0.810967065457
142	236	0.810967065457
142	246	0.810967065457
142	297	0.810967065457
142	252	0.810967065457
150	269	0.810967065457
150	277	0.810967065457
150	279	1.0
150	287	0.810967065457
150	301	0.810967065457
150	310	0.810967065457
150	316	0.810967065457
150	320	1.0
150	324	1.0
150	331	0.810967065457
150	332	1.0
150	333	0.810967065457
150	337	1.0
150	338	1.0
150	271	0.810967065457
150	319	0.810967065457
150	151	0.810967065457
150	160	1.0
150	283	1.0
150	164	1.0
150	169	1.0
150	171	1.0
150	175	0.810967065457
150	176	1.0
150	178	0.810967065457
150	180	0.810967065457
150	187	1.0
150	188	0.810967065457
150	190	0.810967065457
150	205	1.0
150	223	1.0
150	225	0.862574592451
150	229	1.0
150	231	0.810967065457
150	234	1.0
150	236	1.0
150	246	1.0
150	297	1.0
150	252	1.0
151	269	1.0
151	277	1.0
151	279	0.810967065457
151	287	1.0
151	301	1.0
151	310	1.0
151	316	1.0
151	320	0.810967065457
151	324	0.810967065457
151	331	1.0
151	332	0.810967065457
151	333	1.0
151	337	0.810967065457
151	338	0.810967065457
151	271	1.0
151	319	1.0
151	160	0.810967065457
151	283	0.810967065457
151	164	0.810967065457
151	169	0.810967065457
151	171	0.810967065457
151	175	1.0
151	176	0.810967065457
151	178	1.0
151	180	1.0
151	187	0.810967065457
151	188	1.0
151	190	1.0
151	205	0.810967065457
151	223	0.810967065457
151	229	0.810967065457
151	231	1.0
151	234	0.810967065457
151	236	0.810967065457
151	246	0.810967065457
151	297	0.810967065457
151	252	0.810967065457
157	162	1.0
157	308	1.0
157	326	1.0
160	269	0.810967065457
160	277	0.810967065457
160	279	1.0
160	287	0.810967065457
160	301	0.810967065457
160	310	0.810967065457
160	316	0.810967065457
160	320	1.0
160	324	1.0
160	331	0.810967065457
160	332	1.0
160	333	0.810967065457
160	337	1.0
160	338	1.0
160	271	0.810967065457
160	319	0.810967065457
160	283	1.0
160	164	1.0
160	169	1.0
160	171	1.0
160	175	0.810967065457
160	176	1.0
160	178	0.810967065457
160	180	0.810967065457
160	187	1.0
160	188	0.810967065457
160	190	0.810967065457
160	205	1.0
160	223	1.0
160	225	0.862574592451
160	229	1.0
160	231	0.810967065457
160	234	1.0
160	236	1.0
160	246	1.0
160	297	1.0
160	252	1.0
162	308	1.0
162	326	1.0
164	269	0.810967065457
164	277	0.810967065457
164	279	1.0
164	287	0.810967065457
164	301	0.810967065457
164	310	0.810967065457
164	316	0.810967065457
164	320	1.0
164	324	1.0
164	331	0.810967065457
164	332	1.0
164	333	0.810967065457
164	337	1.0
164	338	1.0
164	271	0.810967065457
164	319	0.810967065457
164	283	1.0
164	169	1.0
164	171	1.0
164	175	0.810967065457
164	176	1.0
164	178	0.810967065457
164	180	0.810967065457
164	187	1.0
164	188	0.810967065457
164	190	0.810967065457
164	205	1.0
164	223	1.0
164	225	0.862574592451
164	229	1.0
164	231	0.810967065457
164	234	1.0
164	236	1.0
164	246	1.0
164	297	1.0
164	252	1.0
169	269	0.810967065457
169	277	0.810967065457
169	279	1.0
169	287	0.810967065457
169	301	0.810967065457
169	310	0.810967065457
169	316	0.810967065457
169	320	1.0
169	324	1.0
169	331	0.810967065457
169	332	1.0
169	333	0.810967065457
169	337	1.0
169	338	1.0
169	271	0.810967065457
169	319	0.810967065457
169	283	1.0
169	171	1.0
169	175	0.810967065457
169	176	1.0
169	178	0.810967065457
169	180	0.810967065457
169	187	1.0
169	188	0.810967065457
169	190	0.810967065457
169	205	1.0
169	223	1.0
169	225	0.862574592451
169	229	1.0
169	231	0.810967065457
169	234	1.0
169	236	1.0
169	246	1.0
169	297	1.0
169	252	1.0
171	269	0.810967065457
171	277	0.810967065457
171	279	1.0
171	287	0.810967065457
171	301	0.810967065457
171	310	0.810967065457
171	316	0.810967065457
171	320	1.0
171	324	1.0
171	331	0.810967065457
171	332	1.0
171	333	0.810967065457
171	337	1.0
171	338	1.0
171	271	0.810967065457
171	319	0.810967065457
171	283	1.0
171	175	0.810967065457
171	176	1.0
171	178	0.810967065457
171	180	0.810967065457
171	187	1.0
171	188	0.810967065457
171	190	0.810967065457
171	205	1.0
171	223	1.0
171	225	0.862574592451
171	229	1.0
171	231	0.810967065457
171	234	1.0
171	236	1.0
171	246	1.0
171	297	1.0
171	252	1.0
175	269	1.0
175	277	1.0
175	279	0.810967065457
175	287	1.0
175	301	1.0
175	310	1.0
175	316	1.0
175	320	0.810967065457
175	324	0.810967065457
175	331	1.0
175	332	0.810967065457
175	333	1.0
175	337	0.810967065457
175	338	0.810967065457
175	271	1.0
175	319	1.0
175	283	0.810967065457
175	176	0.810967065457
175	178	1.0
175	180	1.0
175	187	0.810967065457
175	188	1.0
175	190	1.0
175	205	0.810967065457
175	223	0.810967065457
175	229	0.810967065457
175	231	1.0
175	234	0.810967065457
175	236	0.810967065457
175	246	0.810967065457
175	297	0.810967065457
175	252	0.810967065457
176	269	0.810967065457
176	277	0.810967065457
176	279	1.0
176	287	0.810967065457
176	301	0.810967065457
176	310	0.810967065457
176	316	0.810967065457
176	320	1.0
176	324	1.0
176	331	0.810967065457
176	332	1.0
176	333	0.810967065457
176	337	1.0
176	338	1.0
176	271	0.810967065457
176	319	0.810967065457
176	283	1.0
176	178	0.810967065457
176	180	0.810967065457
176	187	1.0
176	188	0.810967065457
176	190	0.810967065457
176	205	1.0
176	223	1.0
176	225	0.862574592451
176	229	1.0
176	231	0.810967065457
176	234	1.0
176	236	1.0
176	246	1.0
176	297	1.0
176	252	1.0
178	269	1.0
178	277	1.0
178	279	0.810967065457
178	287	1.0
178	301	1.0
178	310	1.0
178	316	1.0
178	320	0.810967065457
178	324	0.810967065457
178	331	1.0
178	332	0.810967065457
178	333	1.0
178	337	0.810967065457
178	338	0.810967065457
178	271	1.0
178	319	1.0
178	283	0.810967065457
178	180	1.0
178	187	0.810967065457
178	188	1.0
178	190	1.0
178	205	0.810967065457
178	223	0.810967065457
178	229	0.810967065457
178	231	1.0
178	234	0.810967065457
178	236	0.810967065457
178	246	0.810967065457
178	297	0.810967065457
178	252	0.810967065457
180	269	1.0
180	277	1.0
180	279	0.810967065457
180	287	1.0
180	301	1.0
180	310	1.0
180	316	1.0
180	320	0.810967065457
180	324	0.810967065457
180	331	1.0
180	332	0.810967065457
180	333	1.0
180	337	0.810967065457
180	338	0.810967065457
180	271	1.0
180	319	1.0
180	283	0.810967065457
180	187	0.810967065457
180	188	1.0
180	190	1.0
180	205	0.810967065457
180	223	0.810967065457
180	229	0.810967065457
180	231	1.0
180	234	0.810967065457
180	236	0.810967065457
180	246	0.810967065457
180	297	0.810967065457
180	252	0.810967065457
187	269	0.810967065457
187	277	0.810967065457
187	279	1.0
187	287	0.810967065457
187	301	0.810967065457
187	310	0.810967065457
187	316	0.810967065457
187	320	1.0
187	324	1.0
187	331	0.810967065457
187	332	1.0
187	333	0.810967065457
187	337	1.0
187	338	1.0
187	271	0.810967065457
187	319	0.810967065457
187	283	1.0
187	188	0.810967065457
187	190	0.810967065457
187	205	1.0
187	223	1.0
187	225	0.862574592451
187	229	1.0
187	231	0.810967065457
187	234	1.0
187	236	1.0
187	246	1.0
187	297	1.0
187	252	1.0
188	269	1.0
188	277	1.0
188	279	0.810967065457
188	287	1.0
188	301	1.0
188	310	1.0
188	316	1.0
188	320	0.810967065457
188	324	0.810967065457
188	331	1.0
188	332	0.810967065457
188	333	1.0
188	337	0.810967065457
188	338	0.810967065457
188	271	1.0
188	319	1.0
188	283	0.810967065457
188	190	1.0
188	205	0.810967065457
188	223	0.810967065457
188	229	0.810967065457
188	231	1.0
188	234	0.810967065457
188	236	0.810967065457
188	246	0.810967065457
188	297	0.810967065457
188	252	0.810967065457
190	269	1.0
190	277	1.0
190	279	0.810967065457
190	287	1.0
190	301	1.0
190	310	1.0
190	316	1.0
190	320	0.810967065457
190	324	0.810967065457
190	331	1.0
190	332	0.810967065457
190	333	1.0
190	337	0.810967065457
190	338	0.810967065457
190	271	1.0
190	319	1.0
190	283	0.810967065457
190	205	0.810967065457
190	223	0.810967065457
190	229	0.810967065457
190	231	1.0
190	234	0.810967065457
190	236	0.810967065457
190	246	0.810967065457
190	297	0.810967065457
190	252	0.810967065457
205	269	0.810967065457
205	277	0.810967065457
205	279	1.0
205	287	0.810967065457
205	301	0.810967065457
205	310	0.810967065457
205	316	0.810967065457
205	320	1.0
205	324	1.0
205	331	0.810967065457
205	332	1.0
205	333	0.810967065457
205	337	1.0
205	338	1.0
205	271	0.810967065457
205	319	0.810967065457
205	283	1.0
205	223	1.0
205	225	0.862574592451
205	229	1.0
205	231	0.810967065457
205	234	1.0
205	236	1.0
205	246	1.0
205	297	1.0
205	252	1.0
223	269	0.810967065457
223	277	0.810967065457
223	279	1.0
223	287	0.810967065457
223	301	0.810967065457
223	310	0.810967065457
223	316	0.810967065457
223	320	1.0
223	324	1.0
223	331	0.810967065457
223	332	1.0
223	333	0.810967065457
223	337	1.0
223	338	1.0
223	271	0.810967065457
223	319	0.810967065457
223	283	1.0
223	225	0.862574592451
223	229	1.0
223	231	0.810967065457
223	234	1.0
223	236	1.0
223	246	1.0
223	297	1.0
223	252	1.0
225	268	0.848720276771
225	279	0.862574592451
225	320	0.862574592451
225	324	0.862574592451
225	332	0.862574592451
225	337	0.862574592451
225	338	0.862574592451
225	283	0.862574592451
225	229	0.862574592451
225	234	0.862574592451
225	236	0.862574592451
225	246	0.862574592451
225	297	0.862574592451
225	252	0.862574592451
229	269	0.810967065457
229	277	0.810967065457
229	279	1.0
229	287	0.810967065457
229	301	0.810967065457
229	310	0.810967065457
229	316	0.810967065457
229	320	1.0
229	324	1.0
229	331	0.810967065457
229	332	1.0
229	333	0.810967065457
229	337	1.0
229	338	1.0
229	271	0.810967065457
229	319	0.810967065457
229	283	1.0
229	231	0.810967065457
229	234	1.0
229	236	1.0
229	246	1.0
229	297	1.0
229	252	1.0
231	269	1.0
231	277	1.0
231	279	0.810967065457
231	287	1.0
231	301	1.0
231	310	1.0
231	316	1.0
231	320	0.810967065457
231	324	0.810967065457
231	331	1.0
231	332	0.810967065457
231	333	1.0
231	337	0.810967065457
231	338	0.810967065457
231	271	1.0
231	319	1.0
231	283	0.810967065457
231	234	0.810967065457
231	236	0.810967065457
231	246	0.810967065457
231	297	0.810967065457
231	252	0.810967065457
234	269	0.810967065457
234	277	0.810967065457
234	279	1.0
234	287	0.810967065457
234	301	0.810967065457
234	310	0.810967065457
234	316	0.810967065457
234	320	1.0
234	324	1.0
234	331	0.810967065457
234	332	1.0
234	333	0.810967065457
234	337	1.0
234	338	1.0
234	271	0.810967065457
234	319	0.810967065457
234	283	1.0
234	236	1.0
234	246	1.0
234	297	1.0
234	252	1.0
235	267	1.0
236	269	0.810967065457
236	277	0.810967065457
236	279	1.0
236	287	0.810967065457
236	301	0.810967065457
236	310	0.810967065457
236	316	0.810967065457
236	320	1.0
236	324	1.0
236	331	0.810967065457
236	332	1.0
236	333	0.810967065457
236	337	1.0
236	338	1.0
236	271	0.810967065457
236	319	0.810967065457
236	283	1.0
236	246	1.0
236	297	1.0
236	252	1.0
246	269	0.810967065457
246	277	0.810967065457
246	279	1.0
246	287	0.810967065457
246	301	0.810967065457
246	310	0.810967065457
246	316	0.810967065457
246	320	1.0
246	324	1.0
246	331	0.810967065457
246	332	1.0
246	333	0.810967065457
246	337	1.0
246	338	1.0
246	271	0.810967065457
246	319	0.810967065457
246	283	1.0
246	297	1.0
246	252	1.0
252	269	0.810967065457
252	277	0.810967065457
252	279	1.0
252	287	0.810967065457
252	301	0.810967065457
252	310	0.810967065457
252	316	0.810967065457
252	320	1.0
252	324	1.0
252	331	0.810967065457
252	332	1.0
252	333	0.810967065457
252	337	1.0
252	338	1.0
252	271	0.810967065457
252	319	0.810967065457
252	283	1.0
252	297	1.0
269	277	1.0
269	279	0.810967065457
269	287	1.0
269	301	1.0
269	310	1.0
269	316	1.0
269	320	0.810967065457
269	324	0.810967065457
269	331	1.0
269	332	0.810967065457
269	333	1.0
269	337	0.810967065457
269	338	0.810967065457
269	271	1.0
269	319	1.0
269	283	0.810967065457
269	297	0.810967065457
271	277	1.0
271	279	0.810967065457
271	287	1.0
271	301	1.0
271	310	1.0
271	316	1.0
271	320	0.810967065457
271	324	0.810967065457
271	331	1.0
271	332	0.810967065457
271	333	1.0
271	337	0.810967065457
271	338	0.810967065457
271	319	1.0
271	283	0.810967065457
271	297	0.810967065457
277	279	0.810967065457
277	287	1.0
277	301	1.0
277	310	1.0
277	316	1.0
277	320	0.810967065457
277	324	0.810967065457
277	331	1.0
277	332	0.810967065457
277	333	1.0
277	337	0.810967065457
277	338	0.810967065457
277	319	1.0
277	283	0.810967065457
277	297	0.810967065457
279	287	0.810967065457
279	301	0.810967065457
279	310	0.810967065457
279	316	0.810967065457
279	320	1.0
279	324	1.0
279	331	0.810967065457
279	332	1.0
279	333	0.810967065457
279	337	1.0
279	338	1.0
279	319	0.810967065457
279	283	1.0
279	297	1.0
283	287	0.810967065457
283	301	0.810967065457
283	310	0.810967065457
283	316	0.810967065457
283	320	1.0
283	324	1.0
283	331	0.810967065457
283	332	1.0
283	333	0.810967065457
283	337	1.0
283	338	1.0
283	319	0.810967065457
283	297	1.0
287	301	1.0
287	310	1.0
287	316	1.0
287	320	0.810967065457
287	324	0.810967065457
287	331	1.0
287	332	0.810967065457
287	333	1.0
287	337	0.810967065457
287	338	0.810967065457
287	319	1.0
287	297	0.810967065457
297	301	0.810967065457
297	310	0.810967065457
297	316	0.810967065457
297	320	1.0
297	324	1.0
297	331	0.810967065457
297	332	1.0
297	333	0.810967065457
297	337	1.0
297	338	1.0
297	319	0.810967065457
301	310	1.0
301	316	1.0
301	320	0.810967065457
301	324	0.810967065457
301	331	1.0
301	332	0.810967065457
301	333	1.0
301	337	0.810967065457
301	338	0.810967065457
301	319	1.0
308	326	1.0
310	316	1.0
310	320	0.810967065457
310	324	0.810967065457
310	331	1.0
310	332	0.810967065457
310	333	1.0
310	337	0.810967065457
310	338	0.810967065457
310	319	1.0
316	320	0.810967065457
316	324	0.810967065457
316	331	1.0
316	332	0.810967065457
316	333	1.0
316	337	0.810967065457
316	338	0.810967065457
316	319	1.0
319	320	0.810967065457
319	324	0.810967065457
319	331	1.0
319	332	0.810967065457
319	333	1.0
319	337	0.810967065457
319	338	0.810967065457
320	324	1.0
320	331	0.810967065457
320	332	1.0
320	333	0.810967065457
320	337	1.0
320	338	1.0
324	331	0.810967065457
324	332	1.0
324	333	0.810967065457
324	337	1.0
324	338	1.0
331	332	0.810967065457
331	333	1.0
331	337	0.810967065457
331	338	0.810967065457
332	333	0.810967065457
332	337	1.0
332	338	1.0
333	337	0.810967065457
333	338	0.810967065457
337	338	1.0
