42	64	1.0
42	92	1.0
58	163	0.8408630589
58	281	0.840462417323
58	294	0.918292982199
58	301	0.946151472171
58	302	0.946151472171
58	348	1.0
58	377	0.840462417323
58	408	0.918292982199
58	431	0.832965559502
61	148	1.0
64	92	1.0
69	104	0.870575649705
69	163	0.946151472171
69	196	1.0
69	204	0.997180308956
69	238	0.873037345288
69	268	0.826025569504
69	278	0.870575649705
69	294	0.838492084864
69	301	0.8408630589
69	302	0.8408630589
69	311	0.873037345288
69	318	0.997180308956
69	322	0.997180308956
69	326	1.0
69	365	1.0
69	401	0.870575649705
69	403	0.8726423951
69	408	0.838492084864
69	417	0.870575649705
69	420	0.997180308956
69	425	0.873037345288
69	433	1.0
69	438	1.0
69	448	0.870575649705
69	450	0.873037345288
104	163	0.801704067376
104	195	0.811480319864
104	196	0.870575649705
104	204	0.873037345288
104	205	0.819302314676
104	238	0.997180308956
104	240	0.809744675474
104	241	0.820447794207
104	247	0.820447794207
104	260	0.809744675474
104	268	0.991603545765
104	278	1.0
104	292	0.809744675474
104	297	0.820447794207
104	303	0.809744675474
104	304	0.878829737273
104	309	0.881314772644
104	311	0.997180308956
104	312	0.814274638396
104	318	0.873037345288
104	322	0.873037345288
104	326	0.870575649705
104	353	0.820447794207
104	357	0.811480319864
104	359	0.814720339931
104	365	0.870575649705
104	376	0.878829737273
104	391	0.878829737273
104	401	1.0
104	403	0.998574482525
104	417	1.0
104	418	0.809744675474
104	420	0.873037345288
104	425	0.997180308956
104	431	0.873914853488
104	433	0.870575649705
104	434	0.820447794207
104	437	0.809744675474
104	438	0.870575649705
104	444	0.809744675474
104	447	0.881314772644
104	448	1.0
104	450	0.997180308956
115	169	0.971060761118
115	179	1.0
115	203	0.983608189105
115	223	0.983608189105
115	226	1.0
115	237	0.971060761118
115	243	0.971060761118
115	250	0.983608189105
115	258	0.984731927835
115	273	1.0
115	310	1.0
115	314	0.971060761118
115	347	0.984731927835
115	439	0.971060761118
129	173	1.0
129	193	1.0
129	205	0.80316969956
129	211	0.971060761118
129	228	0.983608189105
129	230	0.993660791896
129	240	0.804813828429
129	252	0.993660791896
129	260	0.804813828429
129	264	0.993660791896
129	283	0.983608189105
129	288	0.993660791896
129	292	0.804813828429
129	298	1.0
129	303	0.804813828429
129	306	0.993660791896
129	308	0.993660791896
129	316	0.993660791896
129	331	0.993660791896
129	340	1.0
129	341	0.993660791896
129	350	0.993660791896
129	356	0.993660791896
129	359	0.804813828429
129	383	0.993660791896
129	397	0.993660791896
129	418	0.804813828429
129	437	0.804813828429
129	440	0.983608189105
129	444	0.804813828429
138	170	1.0
138	181	1.0
138	215	0.804813828429
150	162	0.818068959111
150	168	0.816604092128
150	181	0.818068959111
150	190	0.971060761118
150	191	1.0
150	192	0.816604092128
150	194	0.998209360022
150	239	0.971060761118
150	287	0.971060761118
150	290	0.806613091867
150	315	0.91465912076
150	319	0.818068959111
150	320	0.816604092128
150	323	0.998209360022
150	328	0.91465912076
150	335	1.0
150	337	0.971060761118
150	338	0.863543999934
150	382	0.998209360022
150	393	0.932400362088
150	406	1.0
150	411	0.971060761118
150	415	0.818068959111
150	429	0.91465912076
162	168	1.0
162	173	0.804813828429
162	181	1.0
162	191	0.818068959111
162	192	1.0
162	194	0.816604092128
162	205	0.932400362088
162	211	0.804813828429
162	228	0.804813828429
162	240	0.971060761118
162	241	0.91465912076
162	247	0.91465912076
162	260	0.971060761118
162	268	0.821619026486
162	283	0.804813828429
162	292	0.971060761118
162	297	0.91465912076
162	303	0.971060761118
162	319	1.0
162	320	1.0
162	323	0.816604092128
162	335	0.818068959111
162	353	0.91465912076
162	359	1.0
162	382	0.816604092128
162	406	0.818068959111
162	415	1.0
162	418	0.971060761118
162	434	0.91465912076
162	437	0.971060761118
162	440	0.804813828429
162	444	0.971060761118
163	196	0.946151472171
163	204	0.918292982199
163	238	0.826025569504
163	268	0.873037345288
163	278	0.801704067376
163	311	0.826025569504
163	318	0.918292982199
163	322	0.918292982199
163	326	0.946151472171
163	348	0.8408630589
163	365	0.946151472171
163	401	0.801704067376
163	403	0.809456348932
163	417	0.801704067376
163	420	0.918292982199
163	425	0.826025569504
163	433	0.946151472171
163	438	0.946151472171
163	448	0.801704067376
163	450	0.826025569504
168	173	0.804813828429
168	181	0.984731927835
168	190	0.804659327434
168	191	0.816604092128
168	192	1.0
168	194	0.818068959111
168	205	0.952350255132
168	211	0.804813828429
168	228	0.804813828429
168	239	0.804659327434
168	240	0.983608189105
168	241	0.937200884967
168	247	0.937200884967
168	260	0.983608189105
168	268	0.821619026486
168	283	0.804813828429
168	287	0.804659327434
168	292	0.983608189105
168	297	0.937200884967
168	303	0.983608189105
168	319	1.0
168	320	1.0
168	323	0.818068959111
168	335	0.805578623207
168	337	0.804659327434
168	353	0.937200884967
168	359	1.0
168	382	0.818068959111
168	406	0.816604092128
168	411	0.804659327434
168	415	1.0
168	418	0.983608189105
168	434	0.937200884967
168	437	0.983608189105
168	440	0.804813828429
168	444	0.983608189105
169	179	0.971060761118
169	203	0.998209360022
169	223	0.998209360022
169	226	0.971060761118
169	237	1.0
169	243	1.0
169	250	0.998209360022
169	258	0.91465912076
169	273	0.971060761118
169	310	0.971060761118
169	314	1.0
169	347	0.91465912076
169	439	1.0
170	181	1.0
170	215	0.804813828429
173	192	0.804813828429
173	193	1.0
173	211	1.0
173	228	1.0
173	230	0.984731927835
173	240	0.804813828429
173	252	0.984731927835
173	260	0.804813828429
173	264	0.984731927835
173	283	1.0
173	288	0.984731927835
173	292	0.804813828429
173	298	1.0
173	303	0.804813828429
173	306	0.984731927835
173	308	0.984731927835
173	316	0.984731927835
173	319	0.804813828429
173	320	0.804813828429
173	331	0.984731927835
173	340	1.0
173	341	0.984731927835
173	350	0.984731927835
173	356	0.984731927835
173	359	0.804813828429
173	383	0.984731927835
173	397	0.984731927835
173	415	0.804813828429
173	418	0.804813828429
173	437	0.804813828429
173	440	1.0
173	444	0.804813828429
174	266	0.842361924726
174	334	0.816496580928
174	428	0.816496580928
174	202	0.904534033733
179	203	0.983608189105
179	223	0.983608189105
179	226	1.0
179	237	0.971060761118
179	243	0.971060761118
179	250	0.983608189105
179	258	0.984731927835
179	273	1.0
179	310	1.0
179	314	0.971060761118
179	347	0.984731927835
179	439	0.971060761118
181	191	0.818068959111
181	192	0.984731927835
181	194	0.805578623207
181	205	0.842361924726
181	211	0.800738795518
181	215	0.804813828429
181	240	0.910358524267
181	241	0.816496580928
181	247	0.816496580928
181	260	0.910358524267
181	268	0.821619026486
181	292	0.910358524267
181	297	0.816496580928
181	303	0.910358524267
181	319	1.0
181	320	0.984731927835
181	323	0.805578623207
181	335	0.818068959111
181	353	0.816496580928
181	359	0.904534033733
181	382	0.805578623207
181	406	0.818068959111
181	415	1.0
181	418	0.910358524267
181	434	0.816496580928
181	437	0.910358524267
181	444	0.910358524267
187	419	0.870388279778
187	436	0.870388279778
190	191	0.971060761118
190	192	0.804659327434
190	194	0.983608189105
190	205	0.818060446559
190	239	1.0
190	240	0.818068959111
190	241	0.817097957037
190	247	0.817097957037
190	260	0.818068959111
190	287	1.0
190	290	0.865084068302
190	292	0.818068959111
190	297	0.817097957037
190	303	0.818068959111
190	315	0.998813055962
190	320	0.804659327434
190	323	0.983608189105
190	328	0.998813055962
190	335	0.910358524267
190	337	1.0
190	338	0.850912628158
190	353	0.817097957037
190	359	0.818068959111
190	382	0.983608189105
190	393	0.999989594335
190	406	0.971060761118
190	411	1.0
190	418	0.818068959111
190	429	0.998813055962
190	434	0.817097957037
190	437	0.818068959111
190	444	0.818068959111
191	192	0.816604092128
191	194	0.998209360022
191	239	0.971060761118
191	287	0.971060761118
191	290	0.806613091867
191	315	0.91465912076
191	319	0.818068959111
191	320	0.816604092128
191	323	0.998209360022
191	328	0.91465912076
191	335	1.0
191	337	0.971060761118
191	338	0.863543999934
191	382	0.998209360022
191	393	0.932400362088
191	406	1.0
191	411	0.971060761118
191	415	0.818068959111
191	429	0.91465912076
192	194	0.818068959111
192	205	0.952350255132
192	211	0.804813828429
192	228	0.804813828429
192	239	0.804659327434
192	240	0.983608189105
192	241	0.937200884967
192	247	0.937200884967
192	260	0.983608189105
192	268	0.821619026486
192	283	0.804813828429
192	287	0.804659327434
192	292	0.983608189105
192	297	0.937200884967
192	303	0.983608189105
192	319	1.0
192	320	1.0
192	323	0.818068959111
192	335	0.805578623207
192	337	0.804659327434
192	353	0.937200884967
192	359	1.0
192	382	0.818068959111
192	406	0.816604092128
192	411	0.804659327434
192	415	1.0
192	418	0.983608189105
192	434	0.937200884967
192	437	0.983608189105
192	440	0.804813828429
192	444	0.983608189105
193	205	0.80316969956
193	211	0.971060761118
193	228	0.983608189105
193	230	0.993660791896
193	240	0.804813828429
193	252	0.993660791896
193	260	0.804813828429
193	264	0.993660791896
193	283	0.983608189105
193	288	0.993660791896
193	292	0.804813828429
193	298	1.0
193	303	0.804813828429
193	306	0.993660791896
193	308	0.993660791896
193	316	0.993660791896
193	331	0.993660791896
193	340	1.0
193	341	0.993660791896
193	350	0.993660791896
193	356	0.993660791896
193	359	0.804813828429
193	383	0.993660791896
193	397	0.993660791896
193	418	0.804813828429
193	437	0.804813828429
193	440	0.983608189105
193	444	0.804813828429
194	239	0.983608189105
194	240	0.804659327434
194	260	0.804659327434
194	287	0.983608189105
194	290	0.82387160609
194	292	0.804659327434
194	303	0.804659327434
194	315	0.937200884967
194	319	0.816604092128
194	320	0.818068959111
194	323	1.0
194	328	0.937200884967
194	335	0.984731927835
194	337	0.983608189105
194	338	0.865093070171
194	359	0.804659327434
194	382	1.0
194	393	0.952350255132
194	406	0.998209360022
194	411	0.983608189105
194	415	0.816604092128
194	418	0.804659327434
194	429	0.937200884967
194	437	0.804659327434
194	444	0.804659327434
195	238	0.814274638396
195	268	0.813480611256
195	278	0.811480319864
195	281	0.800838263252
195	304	0.923931679885
195	309	0.92076105502
195	311	0.814274638396
195	312	0.996568334072
195	357	1.0
195	376	0.923931679885
195	377	0.800838263252
195	391	0.923931679885
195	401	0.811480319864
195	403	0.813480611256
195	417	0.811480319864
195	425	0.814274638396
195	431	0.923030722401
195	447	0.92076105502
195	448	0.811480319864
195	450	0.814274638396
196	204	0.997180308956
196	238	0.873037345288
196	268	0.826025569504
196	278	0.870575649705
196	294	0.838492084864
196	301	0.8408630589
196	302	0.8408630589
196	311	0.873037345288
196	318	0.997180308956
196	322	0.997180308956
196	326	1.0
196	365	1.0
196	401	0.870575649705
196	403	0.8726423951
196	408	0.838492084864
196	417	0.870575649705
196	420	0.997180308956
196	425	0.873037345288
196	433	1.0
196	438	1.0
196	448	0.870575649705
196	450	0.873037345288
202	266	0.991737975082
202	334	0.984731927835
202	428	0.984731927835
203	223	1.0
203	226	0.983608189105
203	237	0.998209360022
203	243	0.998209360022
203	250	1.0
203	258	0.937200884967
203	273	0.983608189105
203	310	0.983608189105
203	314	0.998209360022
203	347	0.937200884967
203	439	0.998209360022
204	238	0.870575649705
204	268	0.801704067376
204	278	0.873037345288
204	294	0.8408630589
204	301	0.838492084864
204	302	0.838492084864
204	311	0.870575649705
204	318	1.0
204	322	1.0
204	326	0.997180308956
204	365	0.997180308956
204	401	0.873037345288
204	403	0.871792815296
204	408	0.8408630589
204	417	0.873037345288
204	420	1.0
204	425	0.870575649705
204	433	0.997180308956
204	438	0.997180308956
204	448	0.873037345288
204	450	0.870575649705
205	230	0.80444974163
205	238	0.821619026486
205	239	0.818060446559
205	240	0.999989594335
205	241	0.999547613639
205	247	0.999547613639
205	252	0.80444974163
205	260	0.999989594335
205	264	0.80444974163
205	268	0.820817837581
205	278	0.819302314676
205	287	0.818060446559
205	288	0.80444974163
205	292	0.999989594335
205	297	0.999547613639
205	298	0.80316969956
205	303	0.999989594335
205	306	0.80444974163
205	308	0.80444974163
205	311	0.821619026486
205	315	0.817698875871
205	316	0.80444974163
205	319	0.932400362088
205	320	0.952350255132
205	328	0.817698875871
205	331	0.80444974163
205	337	0.817271231999
205	340	0.80316969956
205	341	0.80444974163
205	350	0.80444974163
205	353	0.999547613639
205	356	0.80444974163
205	359	0.999024865687
205	383	0.80444974163
205	393	0.818068959111
205	397	0.80444974163
205	401	0.819302314676
205	403	0.821247337245
205	411	0.818060446559
205	415	0.932400362088
205	417	0.819302314676
205	418	0.999989594335
205	425	0.821619026486
205	429	0.817698875871
205	434	0.999547613639
205	437	0.999989594335
205	444	0.999989594335
205	448	0.819302314676
205	450	0.821619026486
211	228	1.0
211	230	0.91465912076
211	252	0.91465912076
211	264	0.91465912076
211	283	1.0
211	288	0.91465912076
211	298	0.971060761118
211	306	0.91465912076
211	308	0.91465912076
211	316	0.91465912076
211	319	0.804813828429
211	320	0.804813828429
211	331	0.91465912076
211	340	0.971060761118
211	341	0.91465912076
211	350	0.91465912076
211	356	0.91465912076
211	359	0.804813828429
211	383	0.91465912076
211	397	0.91465912076
211	415	0.804813828429
211	440	1.0
223	226	0.983608189105
223	237	0.998209360022
223	243	0.998209360022
223	250	1.0
223	258	0.937200884967
223	273	0.983608189105
223	310	0.983608189105
223	314	0.998209360022
223	347	0.937200884967
223	439	0.998209360022
226	237	0.971060761118
226	243	0.971060761118
226	250	0.983608189105
226	258	0.984731927835
226	273	1.0
226	310	1.0
226	314	0.971060761118
226	347	0.984731927835
226	439	0.971060761118
228	230	0.937200884967
228	252	0.937200884967
228	264	0.937200884967
228	283	1.0
228	288	0.937200884967
228	298	0.983608189105
228	306	0.937200884967
228	308	0.937200884967
228	316	0.937200884967
228	319	0.804813828429
228	320	0.804813828429
228	331	0.937200884967
228	340	0.983608189105
228	341	0.937200884967
228	350	0.937200884967
228	356	0.937200884967
228	359	0.804813828429
228	383	0.937200884967
228	397	0.937200884967
228	415	0.804813828429
228	440	1.0
230	241	0.804813828429
230	247	0.804813828429
230	252	1.0
230	264	1.0
230	283	0.937200884967
230	288	1.0
230	297	0.804813828429
230	298	0.993660791896
230	306	1.0
230	308	1.0
230	316	1.0
230	331	1.0
230	340	0.993660791896
230	341	1.0
230	350	1.0
230	353	0.804813828429
230	356	1.0
230	383	1.0
230	397	1.0
230	434	0.804813828429
230	440	0.937200884967
237	243	1.0
237	250	0.998209360022
237	258	0.91465912076
237	273	0.971060761118
237	310	0.971060761118
237	314	1.0
237	347	0.91465912076
237	439	1.0
238	240	0.821610476994
238	241	0.821247337245
238	247	0.821247337245
238	260	0.821610476994
238	268	0.999024865687
238	278	0.997180308956
238	292	0.821610476994
238	297	0.821247337245
238	303	0.821610476994
238	304	0.881314772644
238	309	0.878829737273
238	311	1.0
238	312	0.811480319864
238	318	0.870575649705
238	322	0.870575649705
238	326	0.873037345288
238	353	0.821247337245
238	357	0.814274638396
238	359	0.820817837581
238	365	0.873037345288
238	376	0.881314772644
238	391	0.881314772644
238	401	0.997180308956
238	403	0.999547613639
238	417	0.997180308956
238	418	0.821610476994
238	420	0.870575649705
238	425	1.0
238	431	0.880455372368
238	433	0.873037345288
238	434	0.821247337245
238	437	0.821610476994
238	438	0.873037345288
238	444	0.821610476994
238	447	0.878829737273
238	448	0.997180308956
238	450	1.0
239	240	0.818068959111
239	241	0.817097957037
239	247	0.817097957037
239	260	0.818068959111
239	287	1.0
239	290	0.865084068302
239	292	0.818068959111
239	297	0.817097957037
239	303	0.818068959111
239	315	0.998813055962
239	320	0.804659327434
239	323	0.983608189105
239	328	0.998813055962
239	335	0.910358524267
239	337	1.0
239	338	0.850912628158
239	353	0.817097957037
239	359	0.818068959111
239	382	0.983608189105
239	393	0.999989594335
239	406	0.971060761118
239	411	1.0
239	418	0.818068959111
239	429	0.998813055962
239	434	0.817097957037
239	437	0.818068959111
239	444	0.818068959111
240	241	0.998813055962
240	247	0.998813055962
240	260	1.0
240	268	0.820643810681
240	278	0.809744675474
240	287	0.818068959111
240	292	1.0
240	297	0.998813055962
240	298	0.804813828429
240	303	1.0
240	311	0.821610476994
240	315	0.817097957037
240	319	0.971060761118
240	320	0.983608189105
240	323	0.804659327434
240	328	0.817097957037
240	337	0.818068959111
240	340	0.804813828429
240	353	0.998813055962
240	359	1.0
240	382	0.804659327434
240	393	0.818060446559
240	401	0.809744675474
240	403	0.820643810681
240	411	0.818068959111
240	415	0.971060761118
240	417	0.809744675474
240	418	1.0
240	425	0.821610476994
240	429	0.817097957037
240	434	0.998813055962
240	437	1.0
240	444	1.0
240	448	0.809744675474
240	450	0.821610476994
241	247	1.0
241	252	0.804813828429
241	260	0.998813055962
241	264	0.804813828429
241	268	0.821619026486
241	278	0.820447794207
241	287	0.817097957037
241	288	0.804813828429
241	292	0.998813055962
241	297	1.0
241	303	0.998813055962
241	306	0.804813828429
241	308	0.804813828429
241	311	0.821247337245
241	315	0.818068959111
241	316	0.804813828429
241	319	0.91465912076
241	320	0.937200884967
241	328	0.818068959111
241	331	0.804813828429
241	337	0.818068959111
241	341	0.804813828429
241	350	0.804813828429
241	353	1.0
241	356	0.804813828429
241	359	1.0
241	383	0.804813828429
241	393	0.817698875871
241	397	0.804813828429
241	401	0.820447794207
241	403	0.821619026486
241	411	0.817097957037
241	415	0.91465912076
241	417	0.820447794207
241	418	0.998813055962
241	425	0.821247337245
241	429	0.818068959111
241	434	1.0
241	437	0.998813055962
241	444	0.998813055962
241	448	0.820447794207
241	450	0.821247337245
243	250	0.998209360022
243	258	0.91465912076
243	273	0.971060761118
243	310	0.971060761118
243	314	1.0
243	347	0.91465912076
243	439	1.0
247	252	0.804813828429
247	260	0.998813055962
247	264	0.804813828429
247	268	0.821619026486
247	278	0.820447794207
247	287	0.817097957037
247	288	0.804813828429
247	292	0.998813055962
247	297	1.0
247	303	0.998813055962
247	306	0.804813828429
247	308	0.804813828429
247	311	0.821247337245
247	315	0.818068959111
247	316	0.804813828429
247	319	0.91465912076
247	320	0.937200884967
247	328	0.818068959111
247	331	0.804813828429
247	337	0.818068959111
247	341	0.804813828429
247	350	0.804813828429
247	353	1.0
247	356	0.804813828429
247	359	1.0
247	383	0.804813828429
247	393	0.817698875871
247	397	0.804813828429
247	401	0.820447794207
247	403	0.821619026486
247	411	0.817097957037
247	415	0.91465912076
247	417	0.820447794207
247	418	0.998813055962
247	425	0.821247337245
247	429	0.818068959111
247	434	1.0
247	437	0.998813055962
247	444	0.998813055962
247	448	0.820447794207
247	450	0.821247337245
250	258	0.937200884967
250	273	0.983608189105
250	310	0.983608189105
250	314	0.998209360022
250	347	0.937200884967
250	439	0.998209360022
252	264	1.0
252	283	0.937200884967
252	288	1.0
252	297	0.804813828429
252	298	0.993660791896
252	306	1.0
252	308	1.0
252	316	1.0
252	331	1.0
252	340	0.993660791896
252	341	1.0
252	350	1.0
252	353	0.804813828429
252	356	1.0
252	383	1.0
252	397	1.0
252	434	0.804813828429
252	440	0.937200884967
258	273	0.984731927835
258	310	0.984731927835
258	314	0.91465912076
258	347	1.0
258	439	0.91465912076
260	268	0.820643810681
260	278	0.809744675474
260	287	0.818068959111
260	292	1.0
260	297	0.998813055962
260	298	0.804813828429
260	303	1.0
260	311	0.821610476994
260	315	0.817097957037
260	319	0.971060761118
260	320	0.983608189105
260	323	0.804659327434
260	328	0.817097957037
260	337	0.818068959111
260	340	0.804813828429
260	353	0.998813055962
260	359	1.0
260	382	0.804659327434
260	393	0.818060446559
260	401	0.809744675474
260	403	0.820643810681
260	411	0.818068959111
260	415	0.971060761118
260	417	0.809744675474
260	418	1.0
260	425	0.821610476994
260	429	0.817097957037
260	434	0.998813055962
260	437	1.0
260	444	1.0
260	448	0.809744675474
260	450	0.821610476994
264	283	0.937200884967
264	288	1.0
264	297	0.804813828429
264	298	0.993660791896
264	306	1.0
264	308	1.0
264	316	1.0
264	331	1.0
264	340	0.993660791896
264	341	1.0
264	350	1.0
264	353	0.804813828429
264	356	1.0
264	383	1.0
264	397	1.0
264	434	0.804813828429
264	440	0.937200884967
266	334	0.998926750429
266	428	0.998926750429
268	278	0.991603545765
268	292	0.820643810681
268	297	0.821619026486
268	303	0.820643810681
268	304	0.880455372368
268	309	0.873914853488
268	311	0.999024865687
268	312	0.80743761866
268	318	0.801704067376
268	319	0.821619026486
268	320	0.821619026486
268	322	0.801704067376
268	326	0.826025569504
268	353	0.821619026486
268	357	0.813480611256
268	359	0.821619026486
268	365	0.826025569504
268	376	0.880455372368
268	391	0.880455372368
268	401	0.991603545765
268	403	1.0
268	415	0.821619026486
268	417	0.991603545765
268	418	0.820643810681
268	420	0.801704067376
268	425	0.999024865687
268	431	0.881314772644
268	433	0.826025569504
268	434	0.821619026486
268	437	0.820643810681
268	438	0.826025569504
268	444	0.820643810681
268	447	0.873914853488
268	448	0.991603545765
268	450	0.999024865687
273	310	1.0
273	314	0.971060761118
273	347	0.984731927835
273	439	0.971060761118
278	292	0.809744675474
278	297	0.820447794207
278	303	0.809744675474
278	304	0.878829737273
278	309	0.881314772644
278	311	0.997180308956
278	312	0.814274638396
278	318	0.873037345288
278	322	0.873037345288
278	326	0.870575649705
278	353	0.820447794207
278	357	0.811480319864
278	359	0.814720339931
278	365	0.870575649705
278	376	0.878829737273
278	391	0.878829737273
278	401	1.0
278	403	0.998574482525
278	417	1.0
278	418	0.809744675474
278	420	0.873037345288
278	425	0.997180308956
278	431	0.873914853488
278	433	0.870575649705
278	434	0.820447794207
278	437	0.809744675474
278	438	0.870575649705
278	444	0.809744675474
278	447	0.881314772644
278	448	1.0
278	450	0.997180308956
281	294	0.885247506047
281	301	0.888295840617
281	302	0.888295840617
281	321	0.872862467079
281	348	0.840462417323
281	357	0.800838263252
281	377	1.0
281	408	0.885247506047
281	442	0.874152730115
283	288	0.937200884967
283	298	0.983608189105
283	306	0.937200884967
283	308	0.937200884967
283	316	0.937200884967
283	319	0.804813828429
283	320	0.804813828429
283	331	0.937200884967
283	340	0.983608189105
283	341	0.937200884967
283	350	0.937200884967
283	356	0.937200884967
283	359	0.804813828429
283	383	0.937200884967
283	397	0.937200884967
283	415	0.804813828429
283	440	1.0
287	290	0.865084068302
287	292	0.818068959111
287	297	0.817097957037
287	303	0.818068959111
287	315	0.998813055962
287	320	0.804659327434
287	323	0.983608189105
287	328	0.998813055962
287	335	0.910358524267
287	337	1.0
287	338	0.850912628158
287	353	0.817097957037
287	359	0.818068959111
287	382	0.983608189105
287	393	0.999989594335
287	406	0.971060761118
287	411	1.0
287	418	0.818068959111
287	429	0.998813055962
287	434	0.817097957037
287	437	0.818068959111
287	444	0.818068959111
288	297	0.804813828429
288	298	0.993660791896
288	306	1.0
288	308	1.0
288	316	1.0
288	331	1.0
288	340	0.993660791896
288	341	1.0
288	350	1.0
288	353	0.804813828429
288	356	1.0
288	383	1.0
288	397	1.0
288	434	0.804813828429
288	440	0.937200884967
290	315	0.864249488234
290	323	0.82387160609
290	328	0.864249488234
290	337	0.864249488234
290	338	0.952350255132
290	382	0.82387160609
290	393	0.865093070171
290	406	0.806613091867
290	411	0.865084068302
290	429	0.864249488234
292	297	0.998813055962
292	298	0.804813828429
292	303	1.0
292	311	0.821610476994
292	315	0.817097957037
292	319	0.971060761118
292	320	0.983608189105
292	323	0.804659327434
292	328	0.817097957037
292	337	0.818068959111
292	340	0.804813828429
292	353	0.998813055962
292	359	1.0
292	382	0.804659327434
292	393	0.818060446559
292	401	0.809744675474
292	403	0.820643810681
292	411	0.818068959111
292	415	0.971060761118
292	417	0.809744675474
292	418	1.0
292	425	0.821610476994
292	429	0.817097957037
292	434	0.998813055962
292	437	1.0
292	444	1.0
292	448	0.809744675474
292	450	0.821610476994
294	301	0.997180308956
294	302	0.997180308956
294	304	0.830616853975
294	309	0.832965559502
294	318	0.8408630589
294	322	0.8408630589
294	326	0.838492084864
294	348	0.918292982199
294	365	0.838492084864
294	376	0.830616853975
294	377	0.885247506047
294	391	0.830616853975
294	408	1.0
294	420	0.8408630589
294	433	0.838492084864
294	438	0.838492084864
294	447	0.832965559502
297	303	0.998813055962
297	306	0.804813828429
297	308	0.804813828429
297	311	0.821247337245
297	315	0.818068959111
297	316	0.804813828429
297	319	0.91465912076
297	320	0.937200884967
297	328	0.818068959111
297	331	0.804813828429
297	337	0.818068959111
297	341	0.804813828429
297	350	0.804813828429
297	353	1.0
297	356	0.804813828429
297	359	1.0
297	383	0.804813828429
297	393	0.817698875871
297	397	0.804813828429
297	401	0.820447794207
297	403	0.821619026486
297	411	0.817097957037
297	415	0.91465912076
297	417	0.820447794207
297	418	0.998813055962
297	425	0.821247337245
297	429	0.818068959111
297	434	1.0
297	437	0.998813055962
297	444	0.998813055962
297	448	0.820447794207
297	450	0.821247337245
298	303	0.804813828429
298	306	0.993660791896
298	308	0.993660791896
298	316	0.993660791896
298	331	0.993660791896
298	340	1.0
298	341	0.993660791896
298	350	0.993660791896
298	356	0.993660791896
298	359	0.804813828429
298	383	0.993660791896
298	397	0.993660791896
298	418	0.804813828429
298	437	0.804813828429
298	440	0.983608189105
298	444	0.804813828429
301	302	1.0
301	304	0.832965559502
301	309	0.830616853975
301	318	0.838492084864
301	322	0.838492084864
301	326	0.8408630589
301	348	0.946151472171
301	365	0.8408630589
301	376	0.832965559502
301	377	0.888295840617
301	391	0.832965559502
301	408	0.997180308956
301	420	0.838492084864
301	433	0.8408630589
301	438	0.8408630589
301	447	0.830616853975
302	304	0.832965559502
302	309	0.830616853975
302	318	0.838492084864
302	322	0.838492084864
302	326	0.8408630589
302	348	0.946151472171
302	365	0.8408630589
302	376	0.832965559502
302	377	0.888295840617
302	391	0.832965559502
302	408	0.997180308956
302	420	0.838492084864
302	433	0.8408630589
302	438	0.8408630589
302	447	0.830616853975
303	311	0.821610476994
303	315	0.817097957037
303	319	0.971060761118
303	320	0.983608189105
303	323	0.804659327434
303	328	0.817097957037
303	337	0.818068959111
303	340	0.804813828429
303	353	0.998813055962
303	359	1.0
303	382	0.804659327434
303	393	0.818060446559
303	401	0.809744675474
303	403	0.820643810681
303	411	0.818068959111
303	415	0.971060761118
303	417	0.809744675474
303	418	1.0
303	425	0.821610476994
303	429	0.817097957037
303	434	0.998813055962
303	437	1.0
303	444	1.0
303	448	0.809744675474
303	450	0.821610476994
304	309	0.997180308956
304	311	0.881314772644
304	312	0.92076105502
304	357	0.923931679885
304	376	1.0
304	391	1.0
304	401	0.878829737273
304	403	0.880916077861
304	408	0.830616853975
304	417	0.878829737273
304	425	0.881314772644
304	431	0.999024865687
304	447	0.997180308956
304	448	0.878829737273
304	450	0.881314772644
306	308	1.0
306	316	1.0
306	331	1.0
306	340	0.993660791896
306	341	1.0
306	350	1.0
306	353	0.804813828429
306	356	1.0
306	383	1.0
306	397	1.0
306	434	0.804813828429
306	440	0.937200884967
308	316	1.0
308	331	1.0
308	340	0.993660791896
308	341	1.0
308	350	1.0
308	353	0.804813828429
308	356	1.0
308	383	1.0
308	397	1.0
308	434	0.804813828429
308	440	0.937200884967
309	311	0.878829737273
309	312	0.923931679885
309	357	0.92076105502
309	376	0.997180308956
309	391	0.997180308956
309	401	0.881314772644
309	403	0.880058443035
309	408	0.832965559502
309	417	0.881314772644
309	425	0.878829737273
309	431	0.991603545765
309	447	1.0
309	448	0.881314772644
309	450	0.878829737273
310	314	0.971060761118
310	347	0.984731927835
310	439	0.971060761118
311	312	0.811480319864
311	318	0.870575649705
311	322	0.870575649705
311	326	0.873037345288
311	353	0.821247337245
311	357	0.814274638396
311	359	0.820817837581
311	365	0.873037345288
311	376	0.881314772644
311	391	0.881314772644
311	401	0.997180308956
311	403	0.999547613639
311	417	0.997180308956
311	418	0.821610476994
311	420	0.870575649705
311	425	1.0
311	431	0.880455372368
311	433	0.873037345288
311	434	0.821247337245
311	437	0.821610476994
311	438	0.873037345288
311	444	0.821610476994
311	447	0.878829737273
311	448	0.997180308956
311	450	1.0
312	357	0.996568334072
312	376	0.92076105502
312	391	0.92076105502
312	401	0.814274638396
312	403	0.81311387567
312	417	0.814274638396
312	425	0.811480319864
312	431	0.916173929819
312	447	0.923931679885
312	448	0.814274638396
312	450	0.811480319864
314	347	0.91465912076
314	439	1.0
315	323	0.937200884967
315	328	1.0
315	335	0.816496580928
315	337	1.0
315	338	0.810765990943
315	353	0.818068959111
315	359	0.818068959111
315	382	0.937200884967
315	393	0.999547613639
315	406	0.91465912076
315	411	0.998813055962
315	418	0.817097957037
315	429	1.0
315	434	0.818068959111
315	437	0.817097957037
315	444	0.817097957037
316	331	1.0
316	340	0.993660791896
316	341	1.0
316	350	1.0
316	353	0.804813828429
316	356	1.0
316	383	1.0
316	397	1.0
316	434	0.804813828429
316	440	0.937200884967
318	322	1.0
318	326	0.997180308956
318	365	0.997180308956
318	401	0.873037345288
318	403	0.871792815296
318	408	0.8408630589
318	417	0.873037345288
318	420	1.0
318	425	0.870575649705
318	433	0.997180308956
318	438	0.997180308956
318	448	0.873037345288
318	450	0.870575649705
319	320	1.0
319	323	0.816604092128
319	335	0.818068959111
319	353	0.91465912076
319	359	1.0
319	382	0.816604092128
319	406	0.818068959111
319	415	1.0
319	418	0.971060761118
319	434	0.91465912076
319	437	0.971060761118
319	440	0.804813828429
319	444	0.971060761118
320	323	0.818068959111
320	335	0.805578623207
320	337	0.804659327434
320	353	0.937200884967
320	359	1.0
320	382	0.818068959111
320	406	0.816604092128
320	411	0.804659327434
320	415	1.0
320	418	0.983608189105
320	434	0.937200884967
320	437	0.983608189105
320	440	0.804813828429
320	444	0.983608189105
321	442	0.998523984435
321	377	0.872862467079
322	326	0.997180308956
322	365	0.997180308956
322	401	0.873037345288
322	403	0.871792815296
322	408	0.8408630589
322	417	0.873037345288
322	420	1.0
322	425	0.870575649705
322	433	0.997180308956
322	438	0.997180308956
322	448	0.873037345288
322	450	0.870575649705
323	328	0.937200884967
323	335	0.984731927835
323	337	0.983608189105
323	338	0.865093070171
323	359	0.804659327434
323	382	1.0
323	393	0.952350255132
323	406	0.998209360022
323	411	0.983608189105
323	415	0.816604092128
323	418	0.804659327434
323	429	0.937200884967
323	437	0.804659327434
323	444	0.804659327434
326	365	1.0
326	401	0.870575649705
326	403	0.8726423951
326	408	0.838492084864
326	417	0.870575649705
326	420	0.997180308956
326	425	0.873037345288
326	433	1.0
326	438	1.0
326	448	0.870575649705
326	450	0.873037345288
328	335	0.816496580928
328	337	1.0
328	338	0.810765990943
328	353	0.818068959111
328	359	0.818068959111
328	382	0.937200884967
328	393	0.999547613639
328	406	0.91465912076
328	411	0.998813055962
328	418	0.817097957037
328	429	1.0
328	434	0.818068959111
328	437	0.817097957037
328	444	0.817097957037
331	340	0.993660791896
331	341	1.0
331	350	1.0
331	353	0.804813828429
331	356	1.0
331	383	1.0
331	397	1.0
331	434	0.804813828429
331	440	0.937200884967
334	428	1.0
335	337	0.904534033733
335	338	0.851884766745
335	382	0.984731927835
335	393	0.842361924726
335	406	1.0
335	411	0.910358524267
335	415	0.818068959111
335	429	0.816496580928
337	338	0.850912628158
337	353	0.818068959111
337	359	0.818068959111
337	382	0.983608189105
337	393	0.999024865687
337	406	0.971060761118
337	411	1.0
337	418	0.818068959111
337	429	1.0
337	434	0.818068959111
337	437	0.818068959111
337	444	0.818068959111
338	382	0.865093070171
338	393	0.82387160609
338	406	0.863543999934
338	411	0.850912628158
338	429	0.810765990943
340	341	0.993660791896
340	350	0.993660791896
340	356	0.993660791896
340	359	0.804813828429
340	383	0.993660791896
340	397	0.993660791896
340	418	0.804813828429
340	437	0.804813828429
340	440	0.983608189105
340	444	0.804813828429
341	350	1.0
341	353	0.804813828429
341	356	1.0
341	383	1.0
341	397	1.0
341	434	0.804813828429
341	440	0.937200884967
347	439	0.91465912076
348	377	0.840462417323
348	408	0.918292982199
348	431	0.832965559502
350	353	0.804813828429
350	356	1.0
350	383	1.0
350	397	1.0
350	434	0.804813828429
350	440	0.937200884967
353	356	0.804813828429
353	359	1.0
353	383	0.804813828429
353	393	0.817698875871
353	397	0.804813828429
353	401	0.820447794207
353	403	0.821619026486
353	411	0.817097957037
353	415	0.91465912076
353	417	0.820447794207
353	418	0.998813055962
353	425	0.821247337245
353	429	0.818068959111
353	434	1.0
353	437	0.998813055962
353	444	0.998813055962
353	448	0.820447794207
353	450	0.821247337245
356	383	1.0
356	397	1.0
356	434	0.804813828429
356	440	0.937200884967
357	376	0.923931679885
357	377	0.800838263252
357	391	0.923931679885
357	401	0.811480319864
357	403	0.813480611256
357	417	0.811480319864
357	425	0.814274638396
357	431	0.923030722401
357	447	0.92076105502
357	448	0.811480319864
357	450	0.814274638396
359	382	0.804659327434
359	393	0.817271231999
359	401	0.814720339931
359	403	0.821619026486
359	411	0.818068959111
359	415	1.0
359	417	0.814720339931
359	418	1.0
359	425	0.820817837581
359	429	0.818068959111
359	434	1.0
359	437	1.0
359	440	0.804813828429
359	444	1.0
359	448	0.814720339931
359	450	0.820817837581
365	401	0.870575649705
365	403	0.8726423951
365	408	0.838492084864
365	417	0.870575649705
365	420	0.997180308956
365	425	0.873037345288
365	433	1.0
365	438	1.0
365	448	0.870575649705
365	450	0.873037345288
376	391	1.0
376	401	0.878829737273
376	403	0.880916077861
376	408	0.830616853975
376	417	0.878829737273
376	425	0.881314772644
376	431	0.999024865687
376	447	0.997180308956
376	448	0.878829737273
376	450	0.881314772644
377	408	0.885247506047
377	442	0.874152730115
382	393	0.952350255132
382	406	0.998209360022
382	411	0.983608189105
382	415	0.816604092128
382	418	0.804659327434
382	429	0.937200884967
382	437	0.804659327434
382	444	0.804659327434
383	397	1.0
383	434	0.804813828429
383	440	0.937200884967
391	401	0.878829737273
391	403	0.880916077861
391	408	0.830616853975
391	417	0.878829737273
391	425	0.881314772644
391	431	0.999024865687
391	447	0.997180308956
391	448	0.878829737273
391	450	0.881314772644
393	406	0.932400362088
393	411	0.999989594335
393	418	0.818060446559
393	429	0.999547613639
393	434	0.817698875871
393	437	0.818060446559
393	444	0.818060446559
397	434	0.804813828429
397	440	0.937200884967
401	403	0.998574482525
401	417	1.0
401	418	0.809744675474
401	420	0.873037345288
401	425	0.997180308956
401	431	0.873914853488
401	433	0.870575649705
401	434	0.820447794207
401	437	0.809744675474
401	438	0.870575649705
401	444	0.809744675474
401	447	0.881314772644
401	448	1.0
401	450	0.997180308956
403	417	0.998574482525
403	418	0.820643810681
403	420	0.871792815296
403	425	0.999547613639
403	431	0.881314772644
403	433	0.8726423951
403	434	0.821619026486
403	437	0.820643810681
403	438	0.8726423951
403	444	0.820643810681
403	447	0.880058443035
403	448	0.998574482525
403	450	0.999547613639
406	411	0.971060761118
406	415	0.818068959111
406	429	0.91465912076
408	420	0.8408630589
408	433	0.838492084864
408	438	0.838492084864
408	447	0.832965559502
411	418	0.818068959111
411	429	0.998813055962
411	434	0.817097957037
411	437	0.818068959111
411	444	0.818068959111
415	418	0.971060761118
415	434	0.91465912076
415	437	0.971060761118
415	440	0.804813828429
415	444	0.971060761118
417	418	0.809744675474
417	420	0.873037345288
417	425	0.997180308956
417	431	0.873914853488
417	433	0.870575649705
417	434	0.820447794207
417	437	0.809744675474
417	438	0.870575649705
417	444	0.809744675474
417	447	0.881314772644
417	448	1.0
417	450	0.997180308956
418	425	0.821610476994
418	429	0.817097957037
418	434	0.998813055962
418	437	1.0
418	444	1.0
418	448	0.809744675474
418	450	0.821610476994
419	436	1.0
420	425	0.870575649705
420	433	0.997180308956
420	438	0.997180308956
420	448	0.873037345288
420	450	0.870575649705
425	431	0.880455372368
425	433	0.873037345288
425	434	0.821247337245
425	437	0.821610476994
425	438	0.873037345288
425	444	0.821610476994
425	447	0.878829737273
425	448	0.997180308956
425	450	1.0
429	434	0.818068959111
429	437	0.817097957037
429	444	0.817097957037
431	447	0.991603545765
431	448	0.873914853488
431	450	0.880455372368
433	438	1.0
433	448	0.870575649705
433	450	0.873037345288
434	437	0.998813055962
434	444	0.998813055962
434	448	0.820447794207
434	450	0.821247337245
437	444	1.0
437	448	0.809744675474
437	450	0.821610476994
438	448	0.870575649705
438	450	0.873037345288
444	448	0.809744675474
444	450	0.821610476994
447	448	0.881314772644
447	450	0.878829737273
448	450	0.997180308956
450	451	0
