3	7	1.0
3	270	1.0
3	461	1.0
3	354	1.0
3	229	1.0
3	380	1.0
6	16	0.835710894037
6	41	1.0
6	298	0.835710894037
6	136	0.835710894037
6	1851	1.0
6	71	0.835710894037
6	74	0.835710894037
6	224	0.835710894037
6	382	0.835710894037
6	130	0.835710894037
6	142	0.835710894037
6	202	0.88514167424
6	331	0.835710894037
7	270	1.0
7	461	1.0
7	354	1.0
7	229	1.0
7	380	1.0
10	16	0.87481776528
10	136	0.87481776528
10	66	1.0
10	71	0.87481776528
10	74	0.87481776528
10	224	0.87481776528
10	382	0.87481776528
10	130	0.87481776528
10	142	0.87481776528
10	331	0.87481776528
11	263	1.0
11	520	1.0
11	17	1.0
11	47	1.0
11	311	1.0
11	327	1.0
11	659	1.0
11	25	1.0
11	681	1.0
11	178	1.0
11	719	1.0
11	739	1.0
16	41	0.835710894037
16	298	1.0
16	136	1.0
16	1851	0.835710894037
16	66	0.87481776528
16	71	1.0
16	74	1.0
16	224	1.0
16	382	1.0
16	130	1.0
16	142	1.0
16	331	1.0
17	263	1.0
17	520	1.0
17	47	1.0
17	311	1.0
17	327	1.0
17	659	1.0
17	25	1.0
17	681	1.0
17	178	1.0
25	263	1.0
25	520	1.0
25	535	0.984731927835
25	536	0.984731927835
25	554	0.984731927835
25	47	1.0
25	311	1.0
25	578	0.984731927835
25	327	1.0
25	1156	0.984731927835
25	659	1.0
25	681	1.0
25	178	1.0
25	705	0.984731927835
25	455	0.984731927835
25	715	0.984731927835
25	719	1.0
25	497	0.984731927835
25	499	0.984731927835
26	1069	0.965200965201
26	157	0.829125725103
26	274	0.829125725103
26	276	0.841253749549
26	284	0.829125725103
26	297	1.0
26	299	0.841253749549
26	303	1.0
26	315	0.800272950143
26	319	0.829125725103
26	320	1.0
26	322	0.882638599579
26	324	1.0
26	328	1.0
26	330	0.829125725103
26	333	0.965200965201
26	340	0.829125725103
26	352	1.0
26	369	0.811978931044
26	370	0.965200965201
26	377	0.882638599579
26	387	0.965200965201
26	405	0.829125725103
26	411	1.0
26	905	0.882638599579
26	1004	0.800272950143
34	114	1.0
41	298	0.835710894037
41	136	0.835710894037
41	1851	1.0
41	71	0.835710894037
41	74	0.835710894037
41	224	0.835710894037
41	382	0.835710894037
41	130	0.835710894037
41	142	0.835710894037
41	202	0.88514167424
41	331	0.835710894037
47	263	1.0
47	520	1.0
47	311	1.0
47	327	1.0
47	659	1.0
47	681	1.0
47	178	1.0
47	719	1.0
47	739	1.0
50	296	0.879015025198
50	313	0.915970080876
50	338	0.915970080876
50	355	0.879015025198
50	573	1.0
50	748	1.0
66	136	0.87481776528
66	71	0.87481776528
66	74	0.87481776528
66	224	0.87481776528
66	382	0.87481776528
66	130	0.87481776528
66	142	0.87481776528
66	331	0.87481776528
71	298	1.0
71	136	1.0
71	1851	0.835710894037
71	74	1.0
71	224	1.0
71	382	1.0
71	130	1.0
71	142	1.0
71	331	1.0
74	298	1.0
74	136	1.0
74	1851	0.835710894037
74	224	1.0
74	382	1.0
74	130	1.0
74	142	1.0
74	331	1.0
81	655	1.0
81	684	1.0
84	1033	1.0
84	1058	0.880439540643
84	1126	0.880439540643
84	1140	0.830581030016
84	1144	0.836959704388
84	1171	0.880439540643
84	1188	0.88986179225
84	1284	0.836959704388
84	278	0.836959704388
84	329	0.852702170677
84	363	0.88986179225
84	388	0.830581030016
84	406	0.836959704388
84	486	0.845916645274
84	530	0.880439540643
84	543	0.880439540643
84	545	1.0
84	565	0.830581030016
84	634	0.880439540643
84	665	0.950615761505
84	677	0.880439540643
84	683	0.836959704388
84	689	0.880439540643
84	702	0.880439540643
84	712	0.880439540643
84	718	0.829067231335
84	766	1.0
84	773	0.852702170677
84	787	0.836959704388
84	799	0.836959704388
84	811	0.880439540643
84	820	0.88986179225
84	868	0.880439540643
84	902	0.836959704388
84	904	0.880439540643
84	939	0.836959704388
84	959	0.836959704388
84	1003	0.830581030016
84	1015	0.836959704388
84	1019	0.836959704388
110	587	1.0
110	608	1.0
110	755	1.0
110	143	1.0
111	1061	0.816496580928
111	587	0.816496580928
111	608	0.816496580928
111	1273	0.816496580928
111	945	0.816496580928
111	952	1.0
114	1295	0.87481776528
130	298	1.0
130	136	1.0
130	1851	0.835710894037
130	224	1.0
130	382	1.0
130	142	1.0
130	331	1.0
130	509	1.0
136	529	1.0
136	298	1.0
136	1851	0.835710894037
136	224	1.0
136	382	1.0
136	142	1.0
136	331	1.0
142	298	1.0
142	1851	0.835710894037
142	224	1.0
142	382	1.0
142	331	1.0
157	1044	0.839470323901
157	1069	0.800272950143
157	274	1.0
157	284	1.0
157	297	0.829125725103
157	303	0.829125725103
157	312	0.839470323901
157	315	0.965200965201
157	319	1.0
157	320	0.829125725103
157	324	0.829125725103
157	326	0.834344287143
157	328	0.829125725103
157	330	1.0
157	333	0.800272950143
157	335	0.839470323901
157	340	1.0
157	352	0.829125725103
157	370	0.800272950143
157	387	0.800272950143
157	405	1.0
157	411	0.829125725103
157	553	0.839470323901
157	1004	0.965200965201
178	263	1.0
178	311	1.0
178	327	1.0
202	1851	0.88514167424
211	1041	1.0
211	1058	0.828504780876
211	1059	0.950615761505
211	1078	0.950615761505
211	1092	1.0
211	1126	0.828504780876
211	1144	0.871545386081
211	1147	1.0
211	1171	0.828504780876
211	1284	0.871545386081
211	278	0.871545386081
211	287	1.0
211	406	0.871545386081
211	1432	0.839057141731
211	463	1.0
211	472	1.0
211	473	1.0
211	484	0.950615761505
211	492	0.950615761505
211	530	0.828504780876
211	543	0.828504780876
211	1645	0.839057141731
211	634	0.828504780876
211	635	0.839057141731
211	661	1.0
211	677	0.828504780876
211	683	0.871545386081
211	689	0.828504780876
211	702	0.828504780876
211	712	0.828504780876
211	787	0.871545386081
211	799	0.871545386081
211	811	0.828504780876
211	823	1.0
211	868	0.828504780876
211	871	1.0
211	902	0.871545386081
211	904	0.828504780876
211	939	0.871545386081
211	959	0.871545386081
211	974	0.950615761505
211	1015	0.871545386081
211	1019	0.871545386081
224	298	1.0
224	1851	0.835710894037
224	382	1.0
224	331	1.0
227	1720	1.0
229	270	1.0
229	354	1.0
229	380	1.0
263	311	1.0
263	327	1.0
263	618	1.0
263	659	1.0
263	747	1.0
263	505	1.0
264	476	1.0
270	419	1.0
270	461	1.0
270	354	1.0
270	380	1.0
272	292	0.965200965201
272	300	1.0
272	305	0.816068764665
272	316	0.965200965201
272	391	1.0
272	412	0.965200965201
272	988	0.816068764665
274	1044	0.839470323901
274	1069	0.800272950143
274	284	1.0
274	297	0.829125725103
274	303	0.829125725103
274	312	0.839470323901
274	315	0.965200965201
274	319	1.0
274	320	0.829125725103
274	324	0.829125725103
274	326	0.834344287143
274	328	0.829125725103
274	330	1.0
274	333	0.800272950143
274	335	0.839470323901
274	340	1.0
274	352	0.829125725103
274	370	0.800272950143
274	387	0.800272950143
274	405	1.0
274	411	0.829125725103
274	553	0.839470323901
274	735	0.810246414962
274	1004	0.965200965201
276	1069	0.811978931044
276	1139	0.810246414962
276	290	0.810246414962
276	297	0.841253749549
276	299	1.0
276	303	0.841253749549
276	320	0.841253749549
276	324	0.841253749549
276	328	0.841253749549
276	333	0.811978931044
276	352	0.841253749549
276	369	0.965200965201
276	370	0.811978931044
276	387	0.811978931044
276	392	0.882638599579
276	411	0.841253749549
276	453	0.882638599579
276	503	0.810246414962
278	1033	0.836959704388
278	1041	0.871545386081
278	1051	0.819629879632
278	1058	0.950615761505
278	1059	0.828504780876
278	1078	0.828504780876
278	1092	0.871545386081
278	1126	0.950615761505
278	1144	1.0
278	1147	0.871545386081
278	1171	0.950615761505
278	1284	1.0
278	287	0.871545386081
278	329	0.820491521016
278	406	1.0
278	463	0.871545386081
278	472	0.871545386081
278	473	0.871545386081
278	484	0.828504780876
278	492	0.828504780876
278	530	0.950615761505
278	543	0.950615761505
278	545	0.836959704388
278	634	0.950615761505
278	661	0.871545386081
278	665	0.880439540643
278	677	0.950615761505
278	683	1.0
278	689	0.950615761505
278	702	0.950615761505
278	712	0.950615761505
278	766	0.836959704388
278	773	0.820491521016
278	787	1.0
278	799	1.0
278	811	0.950615761505
278	823	0.871545386081
278	868	0.950615761505
278	871	0.871545386081
278	901	0.877030939755
278	902	1.0
278	904	0.950615761505
278	939	1.0
278	959	1.0
278	974	0.828504780876
278	1015	1.0
278	1019	1.0
282	392	0.816521865055
282	1139	0.838806615369
282	290	0.838806615369
282	339	1.0
282	453	0.816521865055
282	503	0.838806615369
284	1044	0.839470323901
284	1069	0.800272950143
284	297	0.829125725103
284	303	0.829125725103
284	312	0.839470323901
284	315	0.965200965201
284	319	1.0
284	320	0.829125725103
284	324	0.829125725103
284	326	0.834344287143
284	328	0.829125725103
284	330	1.0
284	333	0.800272950143
284	335	0.839470323901
284	340	1.0
284	352	0.829125725103
284	370	0.800272950143
284	387	0.800272950143
284	405	1.0
284	411	0.829125725103
284	553	0.839470323901
284	1004	0.965200965201
287	1041	1.0
287	1058	0.828504780876
287	1059	0.950615761505
287	1078	0.950615761505
287	1092	1.0
287	1126	0.828504780876
287	1144	0.871545386081
287	1147	1.0
287	1171	0.828504780876
287	1284	0.871545386081
287	406	0.871545386081
287	1432	0.839057141731
287	463	1.0
287	472	1.0
287	473	1.0
287	484	0.950615761505
287	492	0.950615761505
287	530	0.828504780876
287	543	0.828504780876
287	1645	0.839057141731
287	634	0.828504780876
287	635	0.839057141731
287	661	1.0
287	677	0.828504780876
287	683	0.871545386081
287	689	0.828504780876
287	702	0.828504780876
287	712	0.828504780876
287	787	0.871545386081
287	799	0.871545386081
287	811	0.828504780876
287	823	1.0
287	868	0.828504780876
287	871	1.0
287	902	0.871545386081
287	904	0.828504780876
287	939	0.871545386081
287	959	0.871545386081
287	974	0.950615761505
287	1015	0.871545386081
287	1019	0.871545386081
290	1139	1.0
290	299	0.810246414962
290	322	0.81890398571
290	339	0.838806615369
290	347	0.863174618797
290	369	0.851219845249
290	377	0.81890398571
290	392	0.973432791413
290	399	0.841253749549
290	416	0.863174618797
290	453	0.973432791413
290	503	1.0
290	734	0.841253749549
290	905	0.81890398571
290	995	0.841253749549
292	296	0.851219845249
292	300	0.965200965201
292	305	0.908524060195
292	313	0.80579499727
292	316	1.0
292	338	0.80579499727
292	355	0.851219845249
292	391	0.965200965201
292	412	1.0
292	988	0.908524060195
296	300	0.810246414962
296	305	0.964975194906
296	313	0.875366242694
296	316	0.851219845249
296	338	0.875366242694
296	355	1.0
296	391	0.810246414962
296	412	0.851219845249
296	748	0.879015025198
296	988	0.964975194906
297	1069	0.965200965201
297	299	0.841253749549
297	303	1.0
297	315	0.800272950143
297	319	0.829125725103
297	320	1.0
297	322	0.882638599579
297	324	1.0
297	328	1.0
297	330	0.829125725103
297	333	0.965200965201
297	340	0.829125725103
297	352	1.0
297	369	0.811978931044
297	370	0.965200965201
297	377	0.882638599579
297	387	0.965200965201
297	399	0.810246414962
297	405	0.829125725103
297	411	1.0
297	441	0.856272135739
297	734	0.810246414962
297	905	0.882638599579
297	995	0.810246414962
297	1004	0.800272950143
298	1851	0.835710894037
298	382	1.0
298	331	1.0
299	1139	0.810246414962
299	303	0.841253749549
299	320	0.841253749549
299	324	0.841253749549
299	328	0.841253749549
299	352	0.841253749549
299	369	0.904534033733
299	392	0.882638599579
299	411	0.841253749549
299	453	0.882638599579
299	503	0.810246414962
300	305	0.816068764665
300	313	0.856272135739
300	316	0.965200965201
300	338	0.856272135739
300	355	0.810246414962
300	391	1.0
300	412	0.965200965201
300	988	0.816068764665
303	1069	0.965200965201
303	315	0.800272950143
303	319	0.829125725103
303	320	1.0
303	322	0.882638599579
303	324	1.0
303	328	1.0
303	330	0.829125725103
303	333	0.965200965201
303	340	0.829125725103
303	352	1.0
303	369	0.811978931044
303	370	0.965200965201
303	377	0.882638599579
303	387	0.965200965201
303	399	0.875366242694
303	405	0.829125725103
303	411	1.0
303	441	1.0
303	734	0.875366242694
303	905	0.882638599579
303	995	0.875366242694
303	1004	0.800272950143
305	313	0.839389810056
305	316	0.908524060195
305	338	0.839389810056
305	355	0.964975194906
305	391	0.816068764665
305	412	0.908524060195
305	988	1.0
311	535	0.984731927835
311	536	0.984731927835
311	554	0.984731927835
311	578	0.984731927835
311	327	1.0
311	1156	0.984731927835
311	705	0.984731927835
311	455	0.984731927835
311	715	0.984731927835
311	719	1.0
311	497	0.984731927835
311	499	0.984731927835
312	1044	1.0
312	1069	0.800405108593
312	315	0.965360360147
312	319	0.839470323901
312	322	0.829125725103
312	330	0.839470323901
312	333	0.800405108593
312	335	1.0
312	340	0.839470323901
312	370	0.800405108593
312	377	0.829125725103
312	379	0.891476788996
312	387	0.800405108593
312	399	0.800085758183
312	405	0.839470323901
312	553	1.0
312	734	0.800085758183
312	735	0.964975194906
312	905	0.829125725103
312	995	0.800085758183
312	1004	0.965360360147
313	316	0.80579499727
313	338	1.0
313	355	0.875366242694
313	391	0.856272135739
313	412	0.80579499727
313	573	0.811107105654
313	748	0.915970080876
313	988	0.839389810056
315	1044	0.965360360147
315	1069	0.829125725103
315	319	0.965200965201
315	320	0.800272950143
315	322	0.800405108593
315	326	0.80530991126
315	328	0.800272950143
315	330	0.965200965201
315	333	0.829125725103
315	335	0.965360360147
315	340	0.904534033733
315	370	0.829125725103
315	377	0.800405108593
315	379	0.924658401819
315	387	0.829125725103
315	405	0.965200965201
315	411	0.800272950143
315	553	0.965360360147
315	735	0.851219845249
315	905	0.800405108593
315	1004	1.0
316	338	0.80579499727
316	355	0.851219845249
316	391	0.965200965201
316	412	1.0
316	988	0.908524060195
319	1044	0.839470323901
319	1069	0.800272950143
319	320	0.829125725103
319	324	0.829125725103
319	326	0.834344287143
319	328	0.829125725103
319	330	1.0
319	333	0.800272950143
319	335	0.839470323901
319	340	1.0
319	352	0.829125725103
319	370	0.800272950143
319	387	0.800272950143
319	405	1.0
319	411	0.829125725103
319	553	0.839470323901
319	572	0.834344287143
319	1004	0.965200965201
320	1069	0.965200965201
320	322	0.882638599579
320	324	1.0
320	328	1.0
320	330	0.829125725103
320	333	0.965200965201
320	340	0.829125725103
320	352	1.0
320	369	0.811978931044
320	370	0.965200965201
320	377	0.882638599579
320	387	0.965200965201
320	399	0.810246414962
320	405	0.829125725103
320	411	1.0
320	441	0.856272135739
320	734	0.810246414962
320	905	0.882638599579
320	995	0.810246414962
320	1004	0.800272950143
322	1044	0.829125725103
322	1069	0.965360360147
322	1104	0.891476788996
322	1139	0.81890398571
322	1157	0.825938885349
322	324	0.882638599579
322	328	0.842664840618
322	333	0.965360360147
322	335	0.829125725103
322	352	0.882638599579
322	370	0.965360360147
322	377	1.0
322	387	0.965360360147
322	392	0.841253749549
322	399	0.973432791413
322	411	0.882638599579
322	441	0.839389810056
322	453	0.841253749549
322	503	0.81890398571
322	553	0.829125725103
322	734	0.973432791413
322	735	0.800085758183
322	905	1.0
322	995	0.973432791413
322	1004	0.800405108593
324	1069	0.904534033733
324	328	1.0
324	330	0.829125725103
324	333	0.904534033733
324	340	0.829125725103
324	352	1.0
324	370	0.904534033733
324	377	0.882638599579
324	387	0.904534033733
324	399	0.810246414962
324	405	0.829125725103
324	411	1.0
324	441	0.856272135739
324	734	0.810246414962
324	905	0.882638599579
324	995	0.810246414962
326	329	0.871545386081
326	330	0.834344287143
326	340	0.834344287143
326	401	0.839057141731
326	405	0.834344287143
326	773	0.871545386081
326	1004	0.80530991126
327	618	1.0
327	659	1.0
327	747	1.0
327	505	1.0
328	1069	0.965200965201
328	330	0.829125725103
328	333	0.965200965201
328	340	0.829125725103
328	352	1.0
328	369	0.811978931044
328	370	0.965200965201
328	377	0.842664840618
328	387	0.965200965201
328	399	0.810246414962
328	405	0.829125725103
328	411	1.0
328	441	0.856272135739
328	734	0.810246414962
328	905	0.842664840618
328	995	0.810246414962
328	1004	0.800272950143
329	1033	0.852702170677
329	1058	0.968495996958
329	1059	0.844088217587
329	1078	0.844088217587
329	1126	0.968495996958
329	1144	0.820491521016
329	1157	0.877030939755
329	1171	0.968495996958
329	1284	0.820491521016
329	352	0.877030939755
329	406	0.820491521016
329	484	0.844088217587
329	492	0.844088217587
329	530	0.968495996958
329	543	0.968495996958
329	545	0.852702170677
329	572	0.871545386081
329	634	0.968495996958
329	677	0.968495996958
329	683	0.820491521016
329	689	0.968495996958
329	695	0.880439540643
329	702	0.968495996958
329	712	0.968495996958
329	766	0.852702170677
329	773	1.0
329	787	0.820491521016
329	799	0.820491521016
329	811	0.968495996958
329	868	0.968495996958
329	902	0.820491521016
329	904	0.968495996958
329	939	0.820491521016
329	959	0.820491521016
329	974	0.844088217587
329	1015	0.820491521016
329	1019	0.820491521016
330	1044	0.839470323901
330	1069	0.800272950143
330	333	0.800272950143
330	335	0.839470323901
330	340	1.0
330	352	0.829125725103
330	370	0.800272950143
330	387	0.800272950143
330	405	1.0
330	411	0.829125725103
330	441	0.829125725103
330	553	0.839470323901
330	735	0.875366242694
330	1004	0.965200965201
331	1851	0.835710894037
331	382	1.0
333	1044	0.800405108593
333	1069	1.0
333	1104	0.924658401819
333	335	0.800405108593
333	352	0.965200965201
333	369	0.841253749549
333	370	1.0
333	377	0.965360360147
333	387	1.0
333	399	0.851219845249
333	405	0.800272950143
333	411	0.965200965201
333	441	0.80579499727
333	553	0.800405108593
333	734	0.851219845249
333	905	0.965360360147
333	995	0.851219845249
333	1004	0.829125725103
335	1044	1.0
335	1069	0.800405108593
335	340	0.839470323901
335	370	0.800405108593
335	377	0.829125725103
335	379	0.891476788996
335	387	0.800405108593
335	399	0.800085758183
335	405	0.839470323901
335	553	1.0
335	734	0.800085758183
335	735	0.964975194906
335	905	0.829125725103
335	995	0.800085758183
335	1004	0.965360360147
338	355	0.875366242694
338	391	0.856272135739
338	412	0.80579499727
338	573	0.811107105654
338	748	0.915970080876
338	988	0.839389810056
339	392	0.816521865055
339	1139	0.838806615369
339	453	0.816521865055
339	503	0.838806615369
340	1044	0.839470323901
340	352	0.829125725103
340	405	1.0
340	411	0.829125725103
340	553	0.839470323901
340	735	0.810246414962
340	1004	0.904534033733
347	1095	0.848060890361
347	1139	0.863174618797
347	1157	0.841253749549
347	1197	0.848060890361
347	392	0.825938885349
347	416	1.0
347	453	0.825938885349
347	503	0.863174618797
352	1069	0.965200965201
352	369	0.811978931044
352	370	0.965200965201
352	377	0.882638599579
352	387	0.965200965201
352	405	0.829125725103
352	411	1.0
352	441	0.811107105654
352	773	0.877030939755
352	905	0.882638599579
354	380	1.0
355	391	0.810246414962
355	412	0.851219845249
355	748	0.879015025198
355	988	0.964975194906
362	1122	0.960616890403
362	1132	0.94902900113
362	379	0.917364944588
362	847	0.94902900113
362	936	0.960616890403
362	981	0.829125725103
362	1001	1.0
363	1033	0.88986179225
363	1188	1.0
363	486	0.950615761505
363	545	0.88986179225
363	665	0.845916645274
363	766	0.88986179225
363	820	1.0
369	1069	0.841253749549
369	1139	0.851219845249
369	370	0.841253749549
369	387	0.841253749549
369	392	0.930768127244
369	411	0.811978931044
369	453	0.930768127244
369	503	0.851219845249
370	1044	0.800405108593
370	1069	1.0
370	1104	0.924658401819
370	377	0.965360360147
370	387	1.0
370	399	0.851219845249
370	405	0.800272950143
370	411	0.965200965201
370	441	0.80579499727
370	553	0.800405108593
370	734	0.851219845249
370	905	0.965360360147
370	995	0.851219845249
370	1004	0.829125725103
377	1044	0.829125725103
377	1069	0.965360360147
377	1104	0.891476788996
377	1139	0.81890398571
377	1157	0.825938885349
377	387	0.965360360147
377	392	0.841253749549
377	399	0.973432791413
377	411	0.882638599579
377	441	0.839389810056
377	453	0.841253749549
377	503	0.81890398571
377	553	0.829125725103
377	734	0.973432791413
377	735	0.800085758183
377	905	1.0
377	995	0.973432791413
377	1004	0.800405108593
379	1044	0.891476788996
379	1104	0.829125725103
379	553	0.891476788996
379	1001	0.917364944588
379	1004	0.924658401819
380	488	1.0
382	1851	0.835710894037
387	1044	0.800405108593
387	1069	1.0
387	1104	0.924658401819
387	399	0.851219845249
387	405	0.800272950143
387	411	0.965200965201
387	441	0.80579499727
387	553	0.800405108593
387	734	0.851219845249
387	905	0.965360360147
387	995	0.851219845249
387	1004	0.829125725103
388	1033	0.830581030016
388	1059	0.839057141731
388	1078	0.839057141731
388	1140	1.0
388	1432	0.950615761505
388	484	0.839057141731
388	492	0.839057141731
388	545	0.830581030016
388	565	1.0
388	1645	0.950615761505
388	626	0.83563152468
388	635	0.950615761505
388	766	0.830581030016
388	974	0.839057141731
388	1003	1.0
391	412	0.965200965201
391	988	0.816068764665
392	1139	0.973432791413
392	399	0.81890398571
392	416	0.825938885349
392	453	1.0
392	503	0.973432791413
392	734	0.81890398571
392	905	0.841253749549
392	995	0.81890398571
399	1044	0.800085758183
399	1058	0.803074049543
399	1069	0.851219845249
399	1126	0.803074049543
399	1139	0.841253749549
399	1157	0.863174618797
399	1171	0.803074049543
399	414	0.866448577718
399	441	0.875366242694
399	453	0.81890398571
399	468	0.866448577718
399	503	0.841253749549
399	530	0.803074049543
399	543	0.803074049543
399	553	0.800085758183
399	634	0.803074049543
399	639	0.866448577718
399	654	0.866448577718
399	677	0.803074049543
399	689	0.803074049543
399	702	0.803074049543
399	712	0.803074049543
399	734	1.0
399	735	0.829125725103
399	741	0.866448577718
399	792	0.866448577718
399	811	0.803074049543
399	812	0.866448577718
399	868	0.803074049543
399	904	0.803074049543
399	905	0.973432791413
399	995	1.0
405	1044	0.839470323901
405	1069	0.800272950143
405	411	0.829125725103
405	553	0.839470323901
405	735	0.810246414962
405	1004	0.965200965201
406	1033	0.836959704388
406	1041	0.871545386081
406	1051	0.819629879632
406	1058	0.950615761505
406	1059	0.828504780876
406	1078	0.828504780876
406	1092	0.871545386081
406	1126	0.950615761505
406	1144	1.0
406	1147	0.871545386081
406	1171	0.950615761505
406	1284	1.0
406	463	0.871545386081
406	472	0.871545386081
406	473	0.871545386081
406	484	0.828504780876
406	492	0.828504780876
406	530	0.950615761505
406	543	0.950615761505
406	545	0.836959704388
406	634	0.950615761505
406	661	0.871545386081
406	665	0.880439540643
406	677	0.950615761505
406	683	1.0
406	689	0.950615761505
406	702	0.950615761505
406	712	0.950615761505
406	766	0.836959704388
406	773	0.820491521016
406	787	1.0
406	799	1.0
406	811	0.950615761505
406	823	0.871545386081
406	868	0.950615761505
406	871	0.871545386081
406	901	0.877030939755
406	902	1.0
406	904	0.950615761505
406	939	1.0
406	959	1.0
406	974	0.828504780876
406	1015	1.0
406	1019	1.0
408	1109	1.0
408	1257	1.0
408	1361	1.0
408	1432	0.83563152468
408	1645	0.83563152468
408	626	0.950615761505
408	635	0.83563152468
408	708	1.0
411	1069	0.965200965201
411	905	0.882638599579
411	1004	0.800272950143
412	988	0.908524060195
414	438	0.841253749549
414	441	1.0
414	468	1.0
414	480	0.829125725103
414	567	0.841253749549
414	632	0.841253749549
414	637	0.829125725103
414	639	1.0
414	654	1.0
414	718	0.841253749549
414	724	0.829125725103
414	734	0.866448577718
414	741	1.0
414	751	0.829125725103
414	792	1.0
414	805	0.841253749549
414	812	1.0
414	995	0.866448577718
416	1095	0.848060890361
416	1139	0.863174618797
416	1157	0.841253749549
416	1197	0.848060890361
416	453	0.825938885349
416	503	0.863174618797
419	779	1.0
419	672	1.0
419	803	1.0
419	703	1.0
419	461	1.0
419	633	1.0
419	488	1.0
419	619	1.0
419	757	1.0
419	511	1.0
438	441	0.841253749549
438	468	0.841253749549
438	567	1.0
438	632	1.0
438	639	0.841253749549
438	654	0.841253749549
438	695	0.837996855526
438	718	1.0
438	741	0.841253749549
438	792	0.841253749549
438	805	1.0
438	812	0.841253749549
441	1069	0.80579499727
441	468	1.0
441	480	0.829125725103
441	567	0.841253749549
441	632	0.841253749549
441	637	0.829125725103
441	639	1.0
441	654	1.0
441	718	0.841253749549
441	724	0.829125725103
441	734	0.875366242694
441	741	1.0
441	751	0.829125725103
441	792	1.0
441	805	0.841253749549
441	812	1.0
441	905	0.839389810056
441	995	0.875366242694
443	1028	1.0
443	1368	0.984731927835
443	1151	1.0
453	1139	0.973432791413
453	503	0.973432791413
453	734	0.81890398571
453	905	0.841253749549
453	995	0.81890398571
455	520	0.994373132426
455	535	1.0
455	536	1.0
455	554	1.0
455	578	1.0
455	618	0.994373132426
455	1156	1.0
455	659	0.994373132426
455	681	0.994373132426
455	705	1.0
455	715	1.0
455	719	0.984731927835
455	739	0.994373132426
455	747	0.994373132426
455	752	0.994373132426
455	497	1.0
455	499	1.0
455	505	0.994373132426
461	779	1.0
461	672	1.0
461	803	1.0
461	703	1.0
461	633	1.0
461	488	1.0
461	619	1.0
461	757	1.0
461	511	1.0
463	1041	1.0
463	1058	0.828504780876
463	1059	0.950615761505
463	1078	0.950615761505
463	1092	1.0
463	1126	0.828504780876
463	1144	0.871545386081
463	1147	1.0
463	1171	0.828504780876
463	1284	0.871545386081
463	1432	0.839057141731
463	472	1.0
463	473	1.0
463	484	0.950615761505
463	492	0.950615761505
463	530	0.828504780876
463	543	0.828504780876
463	1645	0.839057141731
463	634	0.828504780876
463	635	0.839057141731
463	661	1.0
463	677	0.828504780876
463	683	0.871545386081
463	689	0.828504780876
463	702	0.828504780876
463	712	0.828504780876
463	787	0.871545386081
463	799	0.871545386081
463	811	0.828504780876
463	823	1.0
463	868	0.828504780876
463	871	1.0
463	902	0.871545386081
463	904	0.828504780876
463	939	0.871545386081
463	959	0.871545386081
463	974	0.950615761505
463	1015	0.871545386081
463	1019	0.871545386081
468	480	0.829125725103
468	567	0.841253749549
468	632	0.841253749549
468	637	0.829125725103
468	639	1.0
468	654	1.0
468	718	0.841253749549
468	724	0.829125725103
468	734	0.866448577718
468	741	1.0
468	751	0.829125725103
468	792	1.0
468	805	0.841253749549
468	812	1.0
468	995	0.866448577718
472	1041	1.0
472	1058	0.828504780876
472	1059	0.950615761505
472	1078	0.950615761505
472	1092	1.0
472	1126	0.828504780876
472	1144	0.871545386081
472	1147	1.0
472	1171	0.828504780876
472	1284	0.871545386081
472	1432	0.839057141731
472	473	1.0
472	484	0.950615761505
472	492	0.950615761505
472	530	0.828504780876
472	543	0.828504780876
472	1645	0.839057141731
472	634	0.828504780876
472	635	0.839057141731
472	661	1.0
472	677	0.828504780876
472	683	0.871545386081
472	689	0.828504780876
472	702	0.828504780876
472	712	0.828504780876
472	787	0.871545386081
472	799	0.871545386081
472	811	0.828504780876
472	823	1.0
472	868	0.828504780876
472	871	1.0
472	902	0.871545386081
472	904	0.828504780876
472	939	0.871545386081
472	959	0.871545386081
472	974	0.950615761505
472	1015	0.871545386081
472	1019	0.871545386081
473	1041	1.0
473	1058	0.828504780876
473	1059	0.950615761505
473	1078	0.950615761505
473	1092	1.0
473	1126	0.828504780876
473	1144	0.871545386081
473	1147	1.0
473	1171	0.828504780876
473	1284	0.871545386081
473	1432	0.839057141731
473	484	0.950615761505
473	492	0.950615761505
473	530	0.828504780876
473	543	0.828504780876
473	1645	0.839057141731
473	634	0.828504780876
473	635	0.839057141731
473	661	1.0
473	677	0.828504780876
473	683	0.871545386081
473	689	0.828504780876
473	702	0.828504780876
473	712	0.828504780876
473	787	0.871545386081
473	799	0.871545386081
473	811	0.828504780876
473	823	1.0
473	868	0.828504780876
473	871	1.0
473	902	0.871545386081
473	904	0.828504780876
473	939	0.871545386081
473	959	0.871545386081
473	974	0.950615761505
473	1015	0.871545386081
473	1019	0.871545386081
480	489	0.834344287143
480	572	0.834344287143
480	637	1.0
480	639	0.829125725103
480	654	0.829125725103
480	696	0.804173716255
480	724	1.0
480	735	0.866448577718
480	741	0.829125725103
480	751	1.0
480	792	0.829125725103
480	812	0.829125725103
484	1041	0.950615761505
484	1058	0.871545386081
484	1059	1.0
484	1078	1.0
484	1092	0.950615761505
484	1126	0.871545386081
484	1140	0.839057141731
484	1144	0.828504780876
484	1147	0.950615761505
484	1171	0.871545386081
484	1284	0.828504780876
484	489	0.804173716255
484	492	1.0
484	530	0.871545386081
484	543	0.871545386081
484	565	0.839057141731
484	634	0.871545386081
484	661	0.950615761505
484	677	0.871545386081
484	683	0.828504780876
484	689	0.871545386081
484	696	0.834344287143
484	702	0.871545386081
484	712	0.871545386081
484	773	0.844088217587
484	787	0.828504780876
484	799	0.828504780876
484	811	0.871545386081
484	823	0.950615761505
484	868	0.871545386081
484	871	0.950615761505
484	902	0.828504780876
484	904	0.871545386081
484	939	0.828504780876
484	959	0.828504780876
484	974	1.0
484	1003	0.839057141731
484	1015	0.828504780876
484	1019	0.828504780876
486	1033	0.845916645274
486	1188	0.950615761505
486	545	0.845916645274
486	665	0.88986179225
486	766	0.845916645274
486	820	0.950615761505
488	779	1.0
488	672	1.0
488	803	1.0
488	703	1.0
488	633	1.0
488	619	1.0
488	757	1.0
488	511	1.0
489	1059	0.804173716255
489	1078	0.804173716255
489	492	0.804173716255
489	572	1.0
489	637	0.834344287143
489	724	0.834344287143
489	751	0.834344287143
489	974	0.804173716255
492	1041	0.950615761505
492	1058	0.871545386081
492	1059	1.0
492	1078	1.0
492	1092	0.950615761505
492	1126	0.871545386081
492	1140	0.839057141731
492	1144	0.828504780876
492	1147	0.950615761505
492	1171	0.871545386081
492	1284	0.828504780876
492	530	0.871545386081
492	543	0.871545386081
492	565	0.839057141731
492	634	0.871545386081
492	661	0.950615761505
492	677	0.871545386081
492	683	0.828504780876
492	689	0.871545386081
492	696	0.834344287143
492	702	0.871545386081
492	712	0.871545386081
492	773	0.844088217587
492	787	0.828504780876
492	799	0.828504780876
492	811	0.871545386081
492	823	0.950615761505
492	868	0.871545386081
492	871	0.950615761505
492	902	0.828504780876
492	904	0.871545386081
492	939	0.828504780876
492	959	0.828504780876
492	974	1.0
492	1003	0.839057141731
492	1015	0.828504780876
492	1019	0.828504780876
497	520	0.994373132426
497	535	1.0
497	536	1.0
497	554	1.0
497	578	1.0
497	618	0.994373132426
497	1156	1.0
497	659	0.994373132426
497	681	0.994373132426
497	705	1.0
497	715	1.0
497	719	0.984731927835
497	739	0.994373132426
497	747	0.994373132426
497	752	0.994373132426
497	499	1.0
497	505	0.994373132426
499	520	0.994373132426
499	535	1.0
499	536	1.0
499	554	1.0
499	578	1.0
499	618	0.994373132426
499	1156	1.0
499	659	0.994373132426
499	681	0.994373132426
499	705	1.0
499	715	1.0
499	719	0.984731927835
499	739	0.994373132426
499	747	0.994373132426
499	752	0.994373132426
499	505	0.994373132426
503	1139	1.0
503	734	0.841253749549
503	905	0.81890398571
503	995	0.841253749549
505	520	1.0
505	535	0.994373132426
505	536	0.994373132426
505	554	0.994373132426
505	578	0.994373132426
505	618	1.0
505	1156	0.994373132426
505	659	1.0
505	681	1.0
505	705	0.994373132426
505	715	0.994373132426
505	719	1.0
505	739	1.0
505	747	1.0
505	752	1.0
509	529	1.0
509	761	1.0
509	648	1.0
509	866	0.895443008694
509	746	1.0
509	749	1.0
511	779	1.0
511	672	1.0
511	803	1.0
511	703	1.0
511	633	1.0
511	619	1.0
511	757	1.0
517	788	1.0
517	601	0.8584795282
520	535	0.994373132426
520	536	0.994373132426
520	554	0.994373132426
520	578	0.994373132426
520	618	1.0
520	1156	0.994373132426
520	659	1.0
520	681	1.0
520	705	0.994373132426
520	715	0.994373132426
520	719	1.0
520	739	1.0
520	747	1.0
520	752	1.0
529	761	1.0
529	648	1.0
529	746	1.0
529	749	1.0
530	1033	0.880439540643
530	1041	0.828504780876
530	1058	1.0
530	1059	0.871545386081
530	1078	0.871545386081
530	1092	0.828504780876
530	1126	1.0
530	1144	0.950615761505
530	1147	0.828504780876
530	1171	1.0
530	1284	0.950615761505
530	543	1.0
530	545	0.880439540643
530	634	1.0
530	661	0.828504780876
530	665	0.836959704388
530	677	1.0
530	683	0.950615761505
530	689	1.0
530	702	1.0
530	712	1.0
530	734	0.803074049543
530	766	0.880439540643
530	773	0.968495996958
530	787	0.950615761505
530	799	0.950615761505
530	811	1.0
530	823	0.828504780876
530	868	1.0
530	871	0.828504780876
530	902	0.950615761505
530	904	1.0
530	939	0.950615761505
530	959	0.950615761505
530	974	0.871545386081
530	995	0.803074049543
530	1015	0.950615761505
530	1019	0.950615761505
535	536	1.0
535	554	1.0
535	578	1.0
535	618	0.994373132426
535	1156	1.0
535	659	0.994373132426
535	681	0.994373132426
535	705	1.0
535	715	1.0
535	719	0.984731927835
535	739	0.994373132426
535	747	0.994373132426
535	752	0.994373132426
536	554	1.0
536	578	1.0
536	618	0.994373132426
536	1156	1.0
536	659	0.994373132426
536	681	0.994373132426
536	705	1.0
536	715	1.0
536	719	0.984731927835
536	739	0.994373132426
536	747	0.994373132426
536	752	0.994373132426
543	1033	0.880439540643
543	1041	0.828504780876
543	1058	1.0
543	1059	0.871545386081
543	1078	0.871545386081
543	1092	0.828504780876
543	1126	1.0
543	1144	0.950615761505
543	1147	0.828504780876
543	1171	1.0
543	1284	0.950615761505
543	545	0.880439540643
543	634	1.0
543	661	0.828504780876
543	665	0.836959704388
543	677	1.0
543	683	0.950615761505
543	689	1.0
543	702	1.0
543	712	1.0
543	734	0.803074049543
543	766	0.880439540643
543	773	0.968495996958
543	787	0.950615761505
543	799	0.950615761505
543	811	1.0
543	823	0.828504780876
543	868	1.0
543	871	0.828504780876
543	902	0.950615761505
543	904	1.0
543	939	0.950615761505
543	959	0.950615761505
543	974	0.871545386081
543	995	0.803074049543
543	1015	0.950615761505
543	1019	0.950615761505
545	1033	1.0
545	1058	0.880439540643
545	1126	0.880439540643
545	1140	0.830581030016
545	1144	0.836959704388
545	1171	0.880439540643
545	1188	0.88986179225
545	1284	0.836959704388
545	565	0.830581030016
545	634	0.880439540643
545	665	0.950615761505
545	677	0.880439540643
545	683	0.836959704388
545	689	0.880439540643
545	702	0.880439540643
545	712	0.880439540643
545	718	0.829067231335
545	766	1.0
545	773	0.852702170677
545	787	0.836959704388
545	799	0.836959704388
545	811	0.880439540643
545	820	0.88986179225
545	868	0.880439540643
545	902	0.836959704388
545	904	0.880439540643
545	939	0.836959704388
545	959	0.836959704388
545	1003	0.830581030016
545	1015	0.836959704388
545	1019	0.836959704388
547	1046	0.878940225585
547	1160	0.968495996958
547	726	1.0
547	1493	0.878940225585
549	601	0.810091493056
553	1044	1.0
553	1069	0.800405108593
553	734	0.800085758183
553	735	0.964975194906
553	905	0.829125725103
553	995	0.800085758183
553	1004	0.965360360147
554	578	1.0
554	618	0.994373132426
554	1156	1.0
554	659	0.994373132426
554	681	0.994373132426
554	705	1.0
554	715	1.0
554	719	0.984731927835
554	739	0.994373132426
554	747	0.994373132426
554	752	0.994373132426
556	642	1.0
556	680	1.0
565	1033	0.830581030016
565	1059	0.839057141731
565	1078	0.839057141731
565	1140	1.0
565	1432	0.950615761505
565	1645	0.950615761505
565	626	0.83563152468
565	635	0.950615761505
565	766	0.830581030016
565	974	0.839057141731
565	1003	1.0
567	632	1.0
567	639	0.841253749549
567	654	0.841253749549
567	695	0.837996855526
567	718	1.0
567	741	0.841253749549
567	792	0.841253749549
567	805	1.0
567	812	0.841253749549
572	637	0.834344287143
572	724	0.834344287143
572	751	0.834344287143
572	773	0.871545386081
573	748	1.0
578	618	0.994373132426
578	1156	1.0
578	659	0.994373132426
578	681	0.994373132426
578	705	1.0
578	715	1.0
578	719	0.984731927835
578	739	0.994373132426
578	747	0.994373132426
578	752	0.994373132426
587	608	1.0
587	952	0.816496580928
601	788	0.8584795282
604	610	1.0
605	638	1.0
605	1480	0.895443008694
608	952	0.816496580928
618	1156	0.994373132426
618	659	1.0
618	681	1.0
618	705	0.994373132426
618	715	0.994373132426
618	719	1.0
618	739	1.0
618	747	1.0
618	752	1.0
619	779	1.0
619	672	1.0
619	803	1.0
619	703	1.0
619	633	1.0
619	757	1.0
626	1109	0.950615761505
626	1140	0.83563152468
626	1257	0.950615761505
626	1361	0.950615761505
626	708	0.950615761505
626	1003	0.83563152468
632	639	0.841253749549
632	654	0.841253749549
632	695	0.837996855526
632	718	1.0
632	741	0.841253749549
632	792	0.841253749549
632	805	1.0
632	812	0.841253749549
633	779	1.0
633	672	1.0
633	803	1.0
633	703	1.0
633	757	1.0
634	1033	0.880439540643
634	1041	0.828504780876
634	1058	1.0
634	1059	0.871545386081
634	1078	0.871545386081
634	1092	0.828504780876
634	1126	1.0
634	1144	0.950615761505
634	1147	0.828504780876
634	1171	1.0
634	1284	0.950615761505
634	661	0.828504780876
634	665	0.836959704388
634	677	1.0
634	683	0.950615761505
634	689	1.0
634	702	1.0
634	712	1.0
634	734	0.803074049543
634	766	0.880439540643
634	773	0.968495996958
634	787	0.950615761505
634	799	0.950615761505
634	811	1.0
634	823	0.828504780876
634	868	1.0
634	871	0.828504780876
634	902	0.950615761505
634	904	1.0
634	939	0.950615761505
634	959	0.950615761505
634	974	0.871545386081
634	995	0.803074049543
634	1015	0.950615761505
634	1019	0.950615761505
635	1041	0.839057141731
635	1092	0.839057141731
635	1093	0.825445933285
635	1109	0.83563152468
635	1140	0.950615761505
635	1147	0.839057141731
635	1257	0.83563152468
635	1361	0.83563152468
635	1432	1.0
635	1645	1.0
635	661	0.839057141731
635	665	0.830581030016
635	708	0.83563152468
635	823	0.839057141731
635	871	0.839057141731
635	1003	0.950615761505
637	639	0.829125725103
637	654	0.829125725103
637	696	0.804173716255
637	724	1.0
637	735	0.866448577718
637	741	0.829125725103
637	751	1.0
637	792	0.829125725103
637	812	0.829125725103
638	1480	0.895443008694
639	654	1.0
639	718	0.841253749549
639	724	0.829125725103
639	734	0.866448577718
639	741	1.0
639	751	0.829125725103
639	792	1.0
639	805	0.841253749549
639	812	1.0
639	995	0.866448577718
642	680	1.0
648	761	1.0
648	866	0.895443008694
648	746	1.0
648	749	1.0
654	718	0.841253749549
654	724	0.829125725103
654	734	0.866448577718
654	741	1.0
654	751	0.829125725103
654	792	1.0
654	805	0.841253749549
654	812	1.0
654	995	0.866448577718
655	684	1.0
659	1156	0.994373132426
659	681	1.0
659	705	0.994373132426
659	715	0.994373132426
659	719	1.0
659	739	1.0
659	747	1.0
659	752	1.0
661	1041	1.0
661	1058	0.828504780876
661	1059	0.950615761505
661	1078	0.950615761505
661	1092	1.0
661	1126	0.828504780876
661	1144	0.871545386081
661	1147	1.0
661	1171	0.828504780876
661	1284	0.871545386081
661	1432	0.839057141731
661	1645	0.839057141731
661	677	0.828504780876
661	683	0.871545386081
661	689	0.828504780876
661	702	0.828504780876
661	712	0.828504780876
661	787	0.871545386081
661	799	0.871545386081
661	811	0.828504780876
661	823	1.0
661	868	0.828504780876
661	871	1.0
661	902	0.871545386081
661	904	0.828504780876
661	939	0.871545386081
661	959	0.871545386081
661	974	0.950615761505
661	1015	0.871545386081
661	1019	0.871545386081
665	1033	0.950615761505
665	1058	0.836959704388
665	1095	0.837996855526
665	1126	0.836959704388
665	1144	0.880439540643
665	1171	0.836959704388
665	1188	0.845916645274
665	1197	0.837996855526
665	1284	0.880439540643
665	1432	0.830581030016
665	1645	0.830581030016
665	677	0.836959704388
665	683	0.880439540643
665	689	0.836959704388
665	702	0.836959704388
665	712	0.836959704388
665	718	0.823554875262
665	766	0.950615761505
665	787	0.880439540643
665	799	0.880439540643
665	811	0.836959704388
665	820	0.845916645274
665	868	0.836959704388
665	902	0.880439540643
665	904	0.836959704388
665	939	0.880439540643
665	959	0.880439540643
665	1015	0.880439540643
665	1019	0.880439540643
672	779	1.0
672	803	1.0
672	703	1.0
672	757	1.0
677	1033	0.880439540643
677	1041	0.828504780876
677	1058	1.0
677	1059	0.871545386081
677	1078	0.871545386081
677	1092	0.828504780876
677	1126	1.0
677	1144	0.950615761505
677	1147	0.828504780876
677	1171	1.0
677	1284	0.950615761505
677	683	0.950615761505
677	689	1.0
677	702	1.0
677	712	1.0
677	734	0.803074049543
677	766	0.880439540643
677	773	0.968495996958
677	787	0.950615761505
677	799	0.950615761505
677	811	1.0
677	823	0.828504780876
677	868	1.0
677	871	0.828504780876
677	902	0.950615761505
677	904	1.0
677	939	0.950615761505
677	959	0.950615761505
677	974	0.871545386081
677	995	0.803074049543
677	1015	0.950615761505
677	1019	0.950615761505
681	1156	0.994373132426
681	705	0.994373132426
681	715	0.994373132426
681	719	1.0
681	739	1.0
681	747	1.0
681	752	1.0
682	1439	0.805500800191
683	1033	0.836959704388
683	1041	0.871545386081
683	1051	0.819629879632
683	1058	0.950615761505
683	1059	0.828504780876
683	1078	0.828504780876
683	1092	0.871545386081
683	1126	0.950615761505
683	1144	1.0
683	1147	0.871545386081
683	1171	0.950615761505
683	1284	1.0
683	689	0.950615761505
683	702	0.950615761505
683	712	0.950615761505
683	766	0.836959704388
683	773	0.820491521016
683	787	1.0
683	799	1.0
683	811	0.950615761505
683	823	0.871545386081
683	868	0.950615761505
683	871	0.871545386081
683	901	0.877030939755
683	902	1.0
683	904	0.950615761505
683	939	1.0
683	959	1.0
683	974	0.828504780876
683	1015	1.0
683	1019	1.0
689	1033	0.880439540643
689	1041	0.828504780876
689	1058	1.0
689	1059	0.871545386081
689	1078	0.871545386081
689	1092	0.828504780876
689	1126	1.0
689	1144	0.950615761505
689	1147	0.828504780876
689	1171	1.0
689	1284	0.950615761505
689	702	1.0
689	712	1.0
689	734	0.803074049543
689	766	0.880439540643
689	773	0.968495996958
689	787	0.950615761505
689	799	0.950615761505
689	811	1.0
689	823	0.828504780876
689	868	1.0
689	871	0.828504780876
689	902	0.950615761505
689	904	1.0
689	939	0.950615761505
689	959	0.950615761505
689	974	0.871545386081
689	995	0.803074049543
689	1015	0.950615761505
689	1019	0.950615761505
695	718	0.837996855526
695	721	0.88986179225
695	773	0.880439540643
695	805	0.837996855526
696	1059	0.834344287143
696	1078	0.834344287143
696	724	0.804173716255
696	735	0.915673567647
696	751	0.804173716255
696	974	0.834344287143
699	1153	0.816496580928
699	1395	0.816496580928
699	1477	0.816496580928
699	931	1.0
699	1145	0.816496580928
702	1033	0.880439540643
702	1041	0.828504780876
702	1058	1.0
702	1059	0.871545386081
702	1078	0.871545386081
702	1092	0.828504780876
702	1126	1.0
702	1144	0.950615761505
702	1147	0.828504780876
702	1171	1.0
702	1284	0.950615761505
702	712	1.0
702	734	0.803074049543
702	766	0.880439540643
702	773	0.968495996958
702	787	0.950615761505
702	799	0.950615761505
702	811	1.0
702	823	0.828504780876
702	868	1.0
702	871	0.828504780876
702	902	0.950615761505
702	904	1.0
702	939	0.950615761505
702	959	0.950615761505
702	974	0.871545386081
702	995	0.803074049543
702	1015	0.950615761505
702	1019	0.950615761505
703	779	1.0
703	803	1.0
703	757	1.0
705	1156	1.0
705	715	1.0
705	719	0.984731927835
705	739	0.994373132426
705	747	0.994373132426
705	752	0.994373132426
708	1109	1.0
708	1257	1.0
708	1361	1.0
708	1432	0.83563152468
708	1645	0.83563152468
712	1033	0.880439540643
712	1041	0.828504780876
712	1058	1.0
712	1059	0.871545386081
712	1078	0.871545386081
712	1092	0.828504780876
712	1126	1.0
712	1144	0.950615761505
712	1147	0.828504780876
712	1171	1.0
712	1284	0.950615761505
712	734	0.803074049543
712	766	0.880439540643
712	773	0.968495996958
712	787	0.950615761505
712	799	0.950615761505
712	811	1.0
712	823	0.828504780876
712	868	1.0
712	871	0.828504780876
712	902	0.950615761505
712	904	1.0
712	939	0.950615761505
712	959	0.950615761505
712	974	0.871545386081
712	995	0.803074049543
712	1015	0.950615761505
712	1019	0.950615761505
715	1156	1.0
715	719	0.984731927835
715	739	0.994373132426
715	747	0.994373132426
715	752	0.994373132426
718	1033	0.829067231335
718	1095	0.98276606867
718	1197	0.98276606867
718	741	0.841253749549
718	766	0.829067231335
718	792	0.841253749549
718	805	1.0
718	812	0.841253749549
718	853	0.817004376503
718	901	0.826755640197
719	1156	0.984731927835
719	739	1.0
719	747	1.0
719	752	1.0
724	735	0.866448577718
724	741	0.829125725103
724	751	1.0
724	792	0.829125725103
724	812	0.829125725103
726	1046	0.878940225585
726	1160	0.968495996958
726	1493	0.878940225585
734	1044	0.800085758183
734	1058	0.803074049543
734	1069	0.851219845249
734	1126	0.803074049543
734	1139	0.841253749549
734	1157	0.863174618797
734	1171	0.803074049543
734	735	0.829125725103
734	741	0.866448577718
734	792	0.866448577718
734	811	0.803074049543
734	812	0.866448577718
734	868	0.803074049543
734	904	0.803074049543
734	905	0.973432791413
734	995	1.0
735	1044	0.964975194906
735	751	0.866448577718
735	905	0.800085758183
735	995	0.829125725103
735	1004	0.851219845249
739	1156	0.994373132426
739	747	1.0
739	752	1.0
741	751	0.829125725103
741	792	1.0
741	805	0.841253749549
741	812	1.0
741	995	0.866448577718
743	1539	0.816496580928
743	1557	0.816496580928
743	1319	0.816496580928
743	1326	0.816496580928
743	1087	0.816496580928
743	1347	0.816496580928
743	1362	0.816496580928
743	1401	0.816496580928
743	866	0.816496580928
743	1416	0.816496580928
743	1485	0.816496580928
743	1464	1.0
743	1191	0.816496580928
743	1116	0.816496580928
746	761	1.0
746	866	0.895443008694
746	749	1.0
747	1156	0.994373132426
747	752	1.0
749	761	1.0
749	866	0.895443008694
751	792	0.829125725103
751	812	0.829125725103
752	1156	0.994373132426
757	779	1.0
757	803	1.0
761	866	0.895443008694
766	1033	1.0
766	1058	0.880439540643
766	1126	0.880439540643
766	1140	0.830581030016
766	1144	0.836959704388
766	1171	0.880439540643
766	1188	0.88986179225
766	1284	0.836959704388
766	773	0.852702170677
766	787	0.836959704388
766	799	0.836959704388
766	811	0.880439540643
766	820	0.88986179225
766	868	0.880439540643
766	902	0.836959704388
766	904	0.880439540643
766	939	0.836959704388
766	959	0.836959704388
766	1003	0.830581030016
766	1015	0.836959704388
766	1019	0.836959704388
773	1033	0.852702170677
773	1058	0.968495996958
773	1059	0.844088217587
773	1078	0.844088217587
773	1126	0.968495996958
773	1144	0.820491521016
773	1157	0.877030939755
773	1171	0.968495996958
773	1284	0.820491521016
773	787	0.820491521016
773	799	0.820491521016
773	811	0.968495996958
773	868	0.968495996958
773	902	0.820491521016
773	904	0.968495996958
773	939	0.820491521016
773	959	0.820491521016
773	974	0.844088217587
773	1015	0.820491521016
773	1019	0.820491521016
779	803	1.0
787	1033	0.836959704388
787	1041	0.871545386081
787	1051	0.819629879632
787	1058	0.950615761505
787	1059	0.828504780876
787	1078	0.828504780876
787	1092	0.871545386081
787	1126	0.950615761505
787	1144	1.0
787	1147	0.871545386081
787	1171	0.950615761505
787	1284	1.0
787	799	1.0
787	811	0.950615761505
787	823	0.871545386081
787	868	0.950615761505
787	871	0.871545386081
787	901	0.877030939755
787	902	1.0
787	904	0.950615761505
787	939	1.0
787	959	1.0
787	974	0.828504780876
787	1015	1.0
787	1019	1.0
792	805	0.841253749549
792	812	1.0
792	995	0.866448577718
799	1033	0.836959704388
799	1041	0.871545386081
799	1051	0.819629879632
799	1058	0.950615761505
799	1059	0.828504780876
799	1078	0.828504780876
799	1092	0.871545386081
799	1126	0.950615761505
799	1144	1.0
799	1147	0.871545386081
799	1171	0.950615761505
799	1284	1.0
799	811	0.950615761505
799	823	0.871545386081
799	868	0.950615761505
799	871	0.871545386081
799	901	0.877030939755
799	902	1.0
799	904	0.950615761505
799	939	1.0
799	959	1.0
799	974	0.828504780876
799	1015	1.0
799	1019	1.0
805	812	0.841253749549
811	1033	0.880439540643
811	1041	0.828504780876
811	1058	1.0
811	1059	0.871545386081
811	1078	0.871545386081
811	1092	0.828504780876
811	1126	1.0
811	1144	0.950615761505
811	1147	0.828504780876
811	1171	1.0
811	1284	0.950615761505
811	823	0.828504780876
811	868	1.0
811	871	0.828504780876
811	902	0.950615761505
811	904	1.0
811	939	0.950615761505
811	959	0.950615761505
811	974	0.871545386081
811	995	0.803074049543
811	1015	0.950615761505
811	1019	0.950615761505
812	995	0.866448577718
818	999	1.0
818	1087	1.0
818	1103	1.0
818	1192	1.0
818	1191	1.0
818	1021	1.0
818	1116	1.0
820	1033	0.88986179225
820	1188	1.0
822	1153	1.0
822	911	1.0
822	919	1.0
822	925	1.0
822	929	1.0
822	1060	1.0
822	882	1.0
822	942	1.0
822	907	1.0
822	976	1.0
822	1111	1.0
822	1396	1.0
822	1145	1.0
823	1041	1.0
823	1058	0.828504780876
823	1059	0.950615761505
823	1078	0.950615761505
823	1092	1.0
823	1126	0.828504780876
823	1144	0.871545386081
823	1147	1.0
823	1171	0.828504780876
823	1284	0.871545386081
823	1432	0.839057141731
823	1645	0.839057141731
823	868	0.828504780876
823	871	1.0
823	902	0.871545386081
823	904	0.828504780876
823	939	0.871545386081
823	959	0.871545386081
823	974	0.950615761505
823	1015	0.871545386081
823	1019	0.871545386081
847	1051	0.829125725103
847	1074	0.829125725103
847	1077	0.829125725103
847	1122	1.0
847	1132	1.0
847	1157	0.829125725103
847	1177	0.829125725103
847	936	1.0
847	957	0.829125725103
847	1001	0.94902900113
847	1023	0.829125725103
853	1095	0.838806615369
853	1197	0.838806615369
866	1464	0.816496580928
868	1033	0.880439540643
868	1041	0.828504780876
868	1058	1.0
868	1059	0.871545386081
868	1078	0.871545386081
868	1092	0.828504780876
868	1126	1.0
868	1144	0.950615761505
868	1147	0.828504780876
868	1171	1.0
868	1284	0.950615761505
868	871	0.828504780876
868	902	0.950615761505
868	904	1.0
868	939	0.950615761505
868	959	0.950615761505
868	974	0.871545386081
868	995	0.803074049543
868	1015	0.950615761505
868	1019	0.950615761505
869	1507	1.0
869	1565	1.0
869	1165	1.0
871	1041	1.0
871	1058	0.828504780876
871	1059	0.950615761505
871	1078	0.950615761505
871	1092	1.0
871	1126	0.828504780876
871	1144	0.871545386081
871	1147	1.0
871	1171	0.828504780876
871	1284	0.871545386081
871	1432	0.839057141731
871	1645	0.839057141731
871	902	0.871545386081
871	904	0.828504780876
871	939	0.871545386081
871	959	0.871545386081
871	974	0.950615761505
871	1015	0.871545386081
871	1019	0.871545386081
882	1153	1.0
882	911	1.0
882	919	1.0
882	925	1.0
882	929	1.0
882	1060	1.0
882	942	1.0
882	907	1.0
882	976	1.0
882	1111	1.0
882	1396	1.0
882	1145	1.0
894	1061	1.0
894	1117	1.0
894	1248	1.0
894	945	1.0
901	1051	0.934550701096
901	1074	0.892514503479
901	1077	0.892514503479
901	1095	0.841253749549
901	1104	0.892514503479
901	1144	0.877030939755
901	1157	0.863117771919
901	1177	0.873997490532
901	1197	0.841253749549
901	1284	0.877030939755
901	902	0.877030939755
901	939	0.877030939755
901	957	0.892514503479
901	959	0.877030939755
901	981	0.892514503479
901	1015	0.877030939755
901	1019	0.877030939755
901	1023	0.892514503479
902	1033	0.836959704388
902	1041	0.871545386081
902	1051	0.819629879632
902	1058	0.950615761505
902	1059	0.828504780876
902	1078	0.828504780876
902	1092	0.871545386081
902	1126	0.950615761505
902	1144	1.0
902	1147	0.871545386081
902	1171	0.950615761505
902	1284	1.0
902	904	0.950615761505
902	939	1.0
902	959	1.0
902	974	0.828504780876
902	1015	1.0
902	1019	1.0
904	1033	0.880439540643
904	1041	0.828504780876
904	1058	1.0
904	1059	0.871545386081
904	1078	0.871545386081
904	1092	0.828504780876
904	1126	1.0
904	1144	0.950615761505
904	1147	0.828504780876
904	1171	1.0
904	1284	0.950615761505
904	939	0.950615761505
904	959	0.950615761505
904	974	0.871545386081
904	995	0.803074049543
904	1015	0.950615761505
904	1019	0.950615761505
905	1044	0.829125725103
905	1069	0.965360360147
905	1104	0.891476788996
905	1139	0.81890398571
905	1157	0.825938885349
905	995	0.973432791413
905	1004	0.800405108593
907	1153	1.0
907	911	1.0
907	919	1.0
907	925	1.0
907	929	1.0
907	1060	1.0
907	942	1.0
907	976	1.0
907	1111	1.0
907	1145	1.0
908	1084	1.0
908	1368	1.0
908	967	1.0
908	944	1.0
908	1508	1.0
908	1022	1.0
911	1153	1.0
911	919	1.0
911	925	1.0
911	929	1.0
911	1060	1.0
911	942	1.0
911	976	1.0
911	1111	1.0
911	1145	1.0
912	999	1.0
912	1103	1.0
912	1208	1.0
912	1420	1.0
912	1192	1.0
912	1474	1.0
917	1541	0.816496580928
919	1153	1.0
919	925	1.0
919	929	1.0
919	1060	1.0
919	942	1.0
919	976	1.0
919	1111	1.0
919	1522	1.0
919	1145	1.0
925	1153	1.0
925	929	1.0
925	1060	1.0
925	942	1.0
925	976	1.0
925	1111	1.0
925	1145	1.0
929	1153	1.0
929	1060	1.0
929	942	1.0
929	976	1.0
929	1111	1.0
929	1523	1.0
929	1145	1.0
931	1153	0.816496580928
931	1395	0.816496580928
931	1477	0.816496580928
931	1145	0.816496580928
936	1051	0.829125725103
936	1074	0.829125725103
936	1077	0.829125725103
936	1122	1.0
936	1132	1.0
936	1157	0.829125725103
936	1177	0.829125725103
936	957	0.829125725103
936	1001	0.960616890403
936	1023	0.829125725103
939	1033	0.836959704388
939	1041	0.871545386081
939	1051	0.819629879632
939	1058	0.950615761505
939	1059	0.828504780876
939	1078	0.828504780876
939	1092	0.871545386081
939	1126	0.950615761505
939	1144	1.0
939	1147	0.871545386081
939	1171	0.950615761505
939	1284	1.0
939	959	1.0
939	974	0.828504780876
939	1015	1.0
939	1019	1.0
942	1153	1.0
942	1060	1.0
942	976	1.0
942	1111	1.0
942	1145	1.0
944	1084	1.0
944	1433	0.816496580928
944	967	1.0
944	1508	1.0
944	1022	1.0
945	1061	1.0
945	1117	1.0
945	1273	1.0
945	952	0.816496580928
952	1061	0.816496580928
952	1273	0.816496580928
957	1051	1.0
957	1074	1.0
957	1077	1.0
957	1104	1.0
957	1122	0.829125725103
957	1132	0.829125725103
957	1155	0.841253749549
957	1157	1.0
957	1177	1.0
957	970	0.841253749549
957	981	1.0
957	1023	1.0
959	1033	0.836959704388
959	1041	0.871545386081
959	1051	0.819629879632
959	1058	0.950615761505
959	1059	0.828504780876
959	1078	0.828504780876
959	1092	0.871545386081
959	1126	0.950615761505
959	1144	1.0
959	1147	0.871545386081
959	1171	0.950615761505
959	1284	1.0
959	974	0.828504780876
959	1015	1.0
959	1019	1.0
967	1084	1.0
967	1022	1.0
970	1051	0.841253749549
970	1077	0.841253749549
970	1095	0.892514503479
970	1104	0.841253749549
970	1155	1.0
970	1177	0.841253749549
970	1197	0.892514503479
970	1074	0.841253749549
970	981	0.841253749549
970	1023	0.841253749549
974	1041	0.950615761505
974	1058	0.871545386081
974	1059	1.0
974	1078	1.0
974	1092	0.950615761505
974	1126	0.871545386081
974	1140	0.839057141731
974	1144	0.828504780876
974	1147	0.950615761505
974	1171	0.871545386081
974	1284	0.828504780876
974	1003	0.839057141731
974	1015	0.828504780876
974	1019	0.828504780876
976	1153	1.0
976	1060	1.0
976	1111	1.0
976	1145	1.0
981	1051	1.0
981	1074	1.0
981	1077	1.0
981	1104	1.0
981	1155	0.841253749549
981	1157	0.908688222502
981	1177	1.0
981	1001	0.829125725103
981	1023	1.0
995	1044	0.800085758183
995	1058	0.803074049543
995	1069	0.851219845249
995	1126	0.803074049543
995	1139	0.841253749549
995	1157	0.863174618797
995	1171	0.803074049543
999	1087	1.0
999	1103	1.0
999	1208	1.0
999	1420	1.0
999	1192	1.0
999	1474	1.0
999	1191	1.0
999	1021	1.0
999	1116	1.0
1001	1122	0.960616890403
1001	1132	0.94902900113
1003	1033	0.830581030016
1003	1059	0.839057141731
1003	1078	0.839057141731
1003	1140	1.0
1003	1432	0.950615761505
1003	1645	0.950615761505
1004	1044	0.965360360147
1004	1069	0.829125725103
1015	1033	0.836959704388
1015	1041	0.871545386081
1015	1051	0.819629879632
1015	1058	0.950615761505
1015	1059	0.828504780876
1015	1078	0.828504780876
1015	1092	0.871545386081
1015	1126	0.950615761505
1015	1144	1.0
1015	1147	0.871545386081
1015	1171	0.950615761505
1015	1284	1.0
1015	1019	1.0
1019	1033	0.836959704388
1019	1041	0.871545386081
1019	1051	0.819629879632
1019	1058	0.950615761505
1019	1059	0.828504780876
1019	1078	0.828504780876
1019	1092	0.871545386081
1019	1126	0.950615761505
1019	1144	1.0
1019	1147	0.871545386081
1019	1171	0.950615761505
1019	1284	1.0
1021	1557	1.0
1021	1326	1.0
1021	1852	0.991189255567
1021	1290	0.991189255567
1021	1087	1.0
1021	1103	1.0
1021	1401	1.0
1021	1413	1.0
1021	1573	0.991189255567
1021	1329	0.991189255567
1021	1192	1.0
1021	1416	1.0
1021	1458	0.991189255567
1021	1474	1.0
1021	1191	1.0
1021	1260	0.991189255567
1021	1116	1.0
1022	1084	1.0
1022	1368	1.0
1022	1433	0.816496580928
1022	1508	1.0
1023	1051	1.0
1023	1074	1.0
1023	1077	1.0
1023	1104	1.0
1023	1122	0.829125725103
1023	1132	0.829125725103
1023	1155	0.841253749549
1023	1157	1.0
1023	1177	1.0
1028	1368	0.984731927835
1028	1151	1.0
1033	1058	0.880439540643
1033	1126	0.880439540643
1033	1140	0.830581030016
1033	1144	0.836959704388
1033	1171	0.880439540643
1033	1188	0.88986179225
1033	1284	0.836959704388
1041	1058	0.828504780876
1041	1059	0.950615761505
1041	1078	0.950615761505
1041	1092	1.0
1041	1126	0.828504780876
1041	1144	0.871545386081
1041	1147	1.0
1041	1171	0.828504780876
1041	1284	0.871545386081
1041	1432	0.839057141731
1041	1645	0.839057141731
1044	1069	0.800405108593
1046	1160	0.820491521016
1046	1493	1.0
1049	1715	1.0
1051	1074	1.0
1051	1077	1.0
1051	1104	1.0
1051	1122	0.829125725103
1051	1132	0.829125725103
1051	1144	0.819629879632
1051	1155	0.841253749549
1051	1157	1.0
1051	1177	1.0
1051	1284	0.819629879632
1058	1059	0.871545386081
1058	1078	0.871545386081
1058	1092	0.828504780876
1058	1126	1.0
1058	1144	0.950615761505
1058	1147	0.828504780876
1058	1171	1.0
1058	1284	0.950615761505
1059	1078	1.0
1059	1092	0.950615761505
1059	1126	0.871545386081
1059	1140	0.839057141731
1059	1144	0.828504780876
1059	1147	0.950615761505
1059	1171	0.871545386081
1059	1284	0.828504780876
1060	1153	1.0
1060	1111	1.0
1060	1145	1.0
1061	1117	1.0
1061	1273	1.0
1069	1104	0.924658401819
1074	1077	1.0
1074	1104	1.0
1074	1122	0.829125725103
1074	1132	0.829125725103
1074	1155	0.841253749549
1074	1157	1.0
1074	1177	1.0
1077	1104	1.0
1077	1122	0.829125725103
1077	1132	0.829125725103
1077	1155	0.841253749549
1077	1157	1.0
1077	1177	1.0
1078	1092	0.950615761505
1078	1126	0.871545386081
1078	1140	0.839057141731
1078	1144	0.828504780876
1078	1147	0.950615761505
1078	1171	0.871545386081
1078	1284	0.828504780876
1087	1539	1.0
1087	1557	1.0
1087	1319	1.0
1087	1326	1.0
1087	1852	0.991189255567
1087	1290	0.991189255567
1087	1103	1.0
1087	1362	1.0
1087	1401	1.0
1087	1573	0.991189255567
1087	1329	0.991189255567
1087	1192	1.0
1087	1416	1.0
1087	1458	0.991189255567
1087	1464	0.816496580928
1087	1354	1.0
1087	1191	1.0
1087	1260	0.991189255567
1087	1116	1.0
1092	1126	0.828504780876
1092	1144	0.871545386081
1092	1147	1.0
1092	1171	0.828504780876
1092	1284	0.871545386081
1092	1432	0.839057141731
1092	1645	0.839057141731
1093	1432	0.825445933285
1093	1645	0.825445933285
1095	1155	0.892514503479
1095	1197	1.0
1103	1208	1.0
1103	1420	1.0
1103	1192	1.0
1103	1474	1.0
1103	1191	1.0
1103	1116	1.0
1104	1155	0.841253749549
1104	1177	1.0
1109	1257	1.0
1109	1361	1.0
1109	1432	0.83563152468
1109	1645	0.83563152468
1111	1153	1.0
1111	1145	1.0
1116	1539	1.0
1116	1557	1.0
1116	1319	1.0
1116	1326	1.0
1116	1852	0.991189255567
1116	1290	0.991189255567
1116	1362	1.0
1116	1401	1.0
1116	1573	0.991189255567
1116	1329	0.991189255567
1116	1192	1.0
1116	1416	1.0
1116	1458	0.991189255567
1116	1485	1.0
1116	1464	0.816496580928
1116	1191	1.0
1116	1260	0.991189255567
1122	1132	1.0
1122	1157	0.829125725103
1122	1177	0.829125725103
1126	1144	0.950615761505
1126	1147	0.828504780876
1126	1171	1.0
1126	1284	0.950615761505
1132	1157	0.829125725103
1132	1177	0.829125725103
1140	1432	0.950615761505
1140	1645	0.950615761505
1144	1147	0.871545386081
1144	1171	0.950615761505
1144	1284	1.0
1145	1153	1.0
1145	1395	1.0
1147	1171	0.828504780876
1147	1284	0.871545386081
1147	1432	0.839057141731
1147	1645	0.839057141731
1151	1368	0.984731927835
1153	1395	1.0
1155	1177	0.841253749549
1155	1197	0.892514503479
1157	1177	1.0
1159	1856	1.0
1160	1493	0.820491521016
1161	1295	0.984731927835
1171	1284	0.950615761505
1191	1539	1.0
1191	1557	1.0
1191	1319	1.0
1191	1326	1.0
1191	1852	0.991189255567
1191	1290	0.991189255567
1191	1362	1.0
1191	1401	1.0
1191	1573	0.991189255567
1191	1329	0.991189255567
1191	1192	1.0
1191	1416	1.0
1191	1458	0.991189255567
1191	1464	0.816496580928
1191	1354	1.0
1191	1260	0.991189255567
1192	1208	1.0
1192	1474	1.0
1202	1395	1.0
1202	1338	1.0
1202	1477	1.0
1202	1479	1.0
1202	1522	1.0
1202	1523	1.0
1202	1396	1.0
1208	1420	1.0
1208	1474	1.0
1240	1852	0.86348100603
1240	1290	0.86348100603
1240	1573	0.86348100603
1240	1329	0.86348100603
1240	1703	1.0
1240	1458	0.86348100603
1240	1260	0.86348100603
1248	1273	1.0
1257	1361	1.0
1257	1432	0.83563152468
1257	1645	0.83563152468
1260	1539	0.991189255567
1260	1557	0.991189255567
1260	1319	0.991189255567
1260	1852	1.0
1260	1290	1.0
1260	1347	0.963435239821
1260	1362	0.991189255567
1260	1401	0.991189255567
1260	1413	0.963435239821
1260	1420	0.963435239821
1260	1573	1.0
1260	1329	1.0
1260	1703	0.86348100603
1260	1449	0.963435239821
1260	1416	0.991189255567
1260	1458	1.0
1260	1474	0.963435239821
1260	1485	0.963435239821
1260	1354	0.991189255567
1260	1534	0.963435239821
1290	1539	0.991189255567
1290	1557	0.991189255567
1290	1319	0.991189255567
1290	1852	1.0
1290	1347	0.963435239821
1290	1362	0.991189255567
1290	1401	0.991189255567
1290	1413	0.963435239821
1290	1420	0.963435239821
1290	1573	1.0
1290	1329	1.0
1290	1703	0.86348100603
1290	1449	0.963435239821
1290	1416	0.991189255567
1290	1458	1.0
1290	1474	0.963435239821
1290	1485	0.963435239821
1290	1354	0.991189255567
1290	1534	0.963435239821
1295	1439	0.82330635528
1308	1507	1.0
1308	1565	1.0
1308	1320	1.0
1308	1407	1.0
1308	1501	1.0
1319	1539	1.0
1319	1557	1.0
1319	1326	1.0
1319	1852	0.991189255567
1319	1347	1.0
1319	1362	1.0
1319	1401	1.0
1319	1413	1.0
1319	1420	1.0
1319	1573	0.991189255567
1319	1329	0.991189255567
1319	1449	1.0
1319	1416	1.0
1319	1458	0.991189255567
1319	1474	1.0
1319	1485	1.0
1319	1464	0.816496580928
1319	1354	1.0
1319	1534	1.0
1320	1507	1.0
1320	1565	1.0
1320	1407	1.0
1320	1501	1.0
1326	1539	1.0
1326	1557	1.0
1326	1347	1.0
1326	1362	1.0
1326	1401	1.0
1326	1413	1.0
1326	1420	1.0
1326	1449	1.0
1326	1416	1.0
1326	1474	1.0
1326	1485	1.0
1326	1464	0.816496580928
1326	1354	1.0
1326	1534	1.0
1329	1539	0.991189255567
1329	1557	0.991189255567
1329	1852	1.0
1329	1347	0.963435239821
1329	1362	0.991189255567
1329	1401	0.991189255567
1329	1413	0.963435239821
1329	1420	0.963435239821
1329	1573	1.0
1329	1703	0.86348100603
1329	1449	0.963435239821
1329	1416	0.991189255567
1329	1458	1.0
1329	1474	0.963435239821
1329	1485	0.963435239821
1329	1354	0.991189255567
1329	1534	0.963435239821
1338	1395	1.0
1338	1477	1.0
1338	1479	1.0
1338	1522	1.0
1338	1523	1.0
1338	1396	1.0
1345	1368	0.959625797138
1345	1415	1.0
1345	1467	1.0
1345	1732	1.0
1345	1502	0.959625797138
1345	1508	0.959625797138
1347	1539	1.0
1347	1557	1.0
1347	1852	0.963435239821
1347	1362	1.0
1347	1401	1.0
1347	1413	1.0
1347	1420	1.0
1347	1573	0.963435239821
1347	1449	1.0
1347	1416	1.0
1347	1458	0.963435239821
1347	1474	1.0
1347	1485	1.0
1347	1464	0.816496580928
1347	1354	1.0
1347	1534	1.0
1354	1539	1.0
1354	1557	1.0
1354	1852	0.991189255567
1354	1362	1.0
1354	1401	1.0
1354	1413	1.0
1354	1420	1.0
1354	1573	0.991189255567
1354	1449	1.0
1354	1416	1.0
1354	1458	0.991189255567
1354	1474	1.0
1354	1485	1.0
1354	1534	1.0
1361	1432	0.83563152468
1361	1645	0.83563152468
1362	1539	1.0
1362	1557	1.0
1362	1852	0.991189255567
1362	1401	1.0
1362	1413	1.0
1362	1420	1.0
1362	1573	0.991189255567
1362	1449	1.0
1362	1416	1.0
1362	1458	0.991189255567
1362	1474	1.0
1362	1485	1.0
1362	1464	0.816496580928
1362	1534	1.0
1368	1415	0.959625797138
1368	1467	0.959625797138
1368	1732	0.959625797138
1368	1502	1.0
1368	1508	1.0
1395	1477	1.0
1395	1479	1.0
1395	1522	1.0
1395	1523	1.0
1395	1396	1.0
1396	1477	1.0
1396	1479	1.0
1396	1522	1.0
1396	1523	1.0
1401	1539	1.0
1401	1557	1.0
1401	1852	0.991189255567
1401	1413	1.0
1401	1420	1.0
1401	1573	0.991189255567
1401	1449	1.0
1401	1416	1.0
1401	1458	0.991189255567
1401	1474	1.0
1401	1485	1.0
1401	1464	0.816496580928
1401	1534	1.0
1407	1507	1.0
1407	1565	1.0
1407	1501	1.0
1413	1539	1.0
1413	1557	1.0
1413	1852	0.963435239821
1413	1420	1.0
1413	1573	0.963435239821
1413	1449	1.0
1413	1416	1.0
1413	1458	0.963435239821
1413	1474	1.0
1413	1485	1.0
1413	1534	1.0
1415	1467	1.0
1415	1732	1.0
1415	1502	0.959625797138
1415	1508	0.959625797138
1416	1539	1.0
1416	1557	1.0
1416	1852	0.991189255567
1416	1420	1.0
1416	1573	0.991189255567
1416	1449	1.0
1416	1458	0.991189255567
1416	1474	1.0
1416	1485	1.0
1416	1464	0.816496580928
1416	1534	1.0
1420	1539	1.0
1420	1557	1.0
1420	1852	0.963435239821
1420	1573	0.963435239821
1420	1449	1.0
1420	1458	0.963435239821
1420	1474	1.0
1420	1485	1.0
1420	1534	1.0
1432	1645	1.0
1433	1508	0.816496580928
1449	1539	1.0
1449	1557	1.0
1449	1852	0.963435239821
1449	1573	0.963435239821
1449	1458	0.963435239821
1449	1474	1.0
1449	1485	1.0
1449	1534	1.0
1458	1539	0.991189255567
1458	1557	0.991189255567
1458	1852	1.0
1458	1573	1.0
1458	1703	0.86348100603
1458	1474	0.963435239821
1458	1485	0.963435239821
1458	1534	0.963435239821
1464	1539	0.816496580928
1464	1557	0.816496580928
1464	1485	0.816496580928
1467	1732	1.0
1467	1502	0.959625797138
1467	1508	0.959625797138
1474	1539	1.0
1474	1557	1.0
1474	1852	0.963435239821
1474	1573	0.963435239821
1474	1485	1.0
1474	1534	1.0
1477	1479	1.0
1477	1522	1.0
1477	1523	1.0
1479	1522	1.0
1479	1523	1.0
1485	1539	1.0
1485	1557	1.0
1485	1852	0.963435239821
1485	1573	0.963435239821
1485	1534	1.0
1501	1507	1.0
1501	1565	1.0
1502	1732	0.959625797138
1502	1508	1.0
1507	1565	1.0
1508	1732	0.959625797138
1522	1523	1.0
1534	1539	1.0
1534	1557	1.0
1534	1852	0.963435239821
1534	1573	0.963435239821
1539	1557	1.0
1539	1852	0.991189255567
1539	1573	0.991189255567
1557	1852	0.991189255567
1557	1573	0.991189255567
1573	1852	1.0
1573	1703	0.86348100603
1587	1677	1.0
1587	1726	1.0
1587	1606	1.0
1587	1647	1.0
1587	1776	1.0
1606	1677	1.0
1606	1726	1.0
1606	1647	1.0
1606	1776	1.0
1611	1792	1.0
1611	1806	1.0
1611	1803	1.0
1611	1815	1.0
1611	1678	1.0
1611	1708	1.0
1611	1780	1.0
1627	1738	1.0
1627	1796	1.0
1630	1819	1.0
1630	1823	1.0
1630	1845	1.0
1630	1631	1.0
1630	1767	1.0
1630	1652	1.0
1630	1813	1.0
1630	1711	1.0
1630	1719	1.0
1630	1729	1.0
1630	1751	1.0
1630	1798	1.0
1630	1784	1.0
1631	1819	1.0
1631	1823	1.0
1631	1845	1.0
1631	1767	1.0
1631	1652	1.0
1631	1813	1.0
1631	1711	1.0
1631	1719	1.0
1631	1729	1.0
1631	1751	1.0
1631	1798	1.0
1631	1784	1.0
1647	1677	1.0
1647	1726	1.0
1647	1776	1.0
1652	1819	1.0
1652	1823	1.0
1652	1845	1.0
1652	1767	1.0
1652	1813	1.0
1652	1711	1.0
1652	1719	1.0
1652	1729	1.0
1652	1751	1.0
1652	1798	1.0
1652	1784	1.0
1664	1859	0.837996855526
1677	1726	1.0
1677	1776	1.0
1678	1792	1.0
1678	1806	1.0
1678	1803	1.0
1678	1815	1.0
1678	1708	1.0
1678	1780	1.0
1703	1852	0.86348100603
1708	1792	1.0
1708	1806	1.0
1708	1803	1.0
1708	1815	1.0
1708	1780	1.0
1711	1819	1.0
1711	1823	1.0
1711	1845	1.0
1711	1767	1.0
1711	1813	1.0
1711	1719	1.0
1711	1729	1.0
1711	1751	1.0
1711	1798	1.0
1711	1784	1.0
1719	1819	1.0
1719	1823	1.0
1719	1845	1.0
1719	1767	1.0
1719	1813	1.0
1719	1729	1.0
1719	1751	1.0
1719	1798	1.0
1719	1784	1.0
1726	1776	1.0
1729	1819	1.0
1729	1823	1.0
1729	1845	1.0
1729	1767	1.0
1729	1813	1.0
1729	1751	1.0
1729	1798	1.0
1729	1784	1.0
1738	1796	1.0
1738	1821	1.0
1751	1819	1.0
1751	1823	1.0
1751	1845	1.0
1751	1767	1.0
1751	1813	1.0
1751	1798	1.0
1751	1784	1.0
1767	1819	1.0
1767	1823	1.0
1767	1845	1.0
1767	1813	1.0
1767	1798	1.0
1767	1784	1.0
1780	1792	1.0
1780	1806	1.0
1780	1803	1.0
1780	1815	1.0
1784	1819	1.0
1784	1823	1.0
1784	1845	1.0
1784	1813	1.0
1784	1798	1.0
1792	1806	1.0
1792	1803	1.0
1792	1815	1.0
1798	1819	1.0
1798	1823	1.0
1798	1845	1.0
1798	1813	1.0
1803	1806	1.0
1803	1815	1.0
1806	1815	1.0
1813	1819	1.0
1813	1823	1.0
1813	1845	1.0
1819	1823	1.0
1819	1845	1.0
1823	1845	1.0
1868	1869	0
